2000
5
0,0,0,0,0,0.47669,0
0,0,0,0,1,0.89847,0
0,0,0,0,2,0.86992,0
0,0,0,0,3,0.79630,0
0,0,0,0,4,0.61295,0
0,0,0,1,0,0.31183,0
0,0,0,1,1,0.51992,0
0,0,0,1,2,0.92485,0
0,0,0,1,3,0.71947,0
0,0,0,1,4,0.59089,0
0,0,0,2,0,43.97418,5
0,0,0,2,1,70.29438,141
0,0,0,2,2,54.83735,8
0,0,0,2,3,0.68311,0
0,0,0,2,4,48.30896,16
0,0,0,3,0,0.11976,0
0,0,0,3,1,0.60201,0
0,0,0,3,2,0.26564,0
0,0,0,3,3,0.37382,0
0,0,0,3,4,0.42462,0
0,0,1,0,0,0.03446,0
0,0,1,0,1,0.76760,0
0,0,1,0,2,0.05379,0
0,0,1,0,3,0.06751,0
0,0,1,0,4,0.10632,0
0,0,1,1,0,0.17826,0
0,0,1,1,1,0.68004,0
0,0,1,1,2,0.80743,0
0,0,1,1,3,0.70177,0
0,0,1,1,4,0.16969,0
0,0,1,2,0,0.19691,0
0,0,1,2,1,12.50446,12
0,0,1,2,2,0.96647,0
0,0,1,2,3,0.85299,0
0,0,1,2,4,0.75947,0
0,0,1,3,0,0.82500,0
0,0,1,3,1,-1.82070,21
0,0,1,3,2,0.30811,0
0,0,1,3,3,0.92048,0
0,0,1,3,4,0.20772,0
0,0,2,0,0,0.07937,0
0,0,2,0,1,0.88000,0
0,0,2,0,2,0.14221,0
0,0,2,0,3,0.48982,0
0,0,2,0,4,0.83438,0
0,0,2,1,0,0.11769,0
0,0,2,1,1,-1.06078,12
0,0,2,1,2,0.55493,0
0,0,2,1,3,0.78966,0
0,0,2,1,4,0.14766,0
0,0,2,2,0,0.18187,3
0,0,2,2,1,-3.35601,103
0,0,2,2,2,-3.90424,30
0,0,2,2,3,0.21946,0
0,0,2,2,4,0.73395,0
0,0,2,3,0,-1.66082,6
0,0,2,3,1,-13.00221,319
0,0,2,3,2,-10.42479,34
0,0,2,3,3,-7.76513,11
0,0,2,3,4,0.15978,0
0,0,3,0,0,0.41872,0
0,0,3,0,1,0.31296,0
0,0,3,0,2,0.54571,0
0,0,3,0,3,0.58487,0
0,0,3,0,4,0.47880,0
0,0,3,1,0,0.17053,0
0,0,3,1,1,-4.95976,1
0,0,3,1,2,0.14594,0
0,0,3,1,3,-5.56660,23
0,0,3,1,4,0.79470,0
0,0,3,2,0,-1.45872,2
0,0,3,2,1,-27.35687,30
0,0,3,2,2,0.38990,0
0,0,3,2,3,-27.81254,94
0,0,3,2,4,-27.85750,17
0,0,3,3,0,0.99593,0
0,0,3,3,1,7.74328,45
0,0,3,3,2,0.85665,0
0,0,3,3,3,1.24611,229
0,0,3,3,4,-0.47465,18
0,0,4,0,0,0.51377,0
0,0,4,0,1,0.10867,0
0,0,4,0,2,0.03095,0
0,0,4,0,3,0.07466,0
0,0,4,0,4,0.54130,0
0,0,4,1,0,-0.19802,2
0,0,4,1,1,-0.03693,5
0,0,4,1,2,-0.43679,13
0,0,4,1,3,-0.40142,6
0,0,4,1,4,-2.86104,6
0,0,4,2,0,0.26614,0
0,0,4,2,1,-28.16485,47
0,0,4,2,2,-12.22349,78
0,0,4,2,3,-8.71871,5
0,0,4,2,4,-12.25147,23
0,0,4,3,0,0.18016,0
0,0,4,3,1,-27.92073,94
0,0,4,3,2,-27.07788,75
0,0,4,3,3,0.60956,0
0,0,4,3,4,-19.01672,3
0,1,0,0,0,0.89879,0
0,1,0,0,1,0.27573,0
0,1,0,0,2,0.64249,0
0,1,0,0,3,0.82095,0
0,1,0,0,4,0.56323,0
0,1,0,1,0,0.34387,0
0,1,0,1,1,0.15321,0
0,1,0,1,2,0.15249,0
0,1,0,1,3,0.68060,0
0,1,0,1,4,0.14541,0
0,1,0,2,0,-0.15779,189
0,1,0,2,1,0.21721,0
0,1,0,2,2,0.55417,0
0,1,0,2,3,0.78734,0
0,1,0,2,4,0.67229,0
0,1,0,3,0,-0.41166,86
0,1,0,3,1,0.02584,0
0,1,0,3,2,-0.16071,2
0,1,0,3,3,0.79189,0
0,1,0,3,4,0.83525,0
0,1,1,0,0,0.06754,1
0,1,1,0,1,0.00564,0
0,1,1,0,2,-0.31198,4
0,1,1,0,3,-0.13303,3
0,1,1,0,4,-0.36150,3
0,1,1,1,0,-1.48230,32
0,1,1,1,1,-1.08577,11
0,1,1,1,2,-0.64830,152
0,1,1,1,3,-1.46077,59
0,1,1,1,4,-0.08577,86
0,1,1,2,0,27.92962,97
0,1,1,2,1,28.36785,81
0,1,1,2,2,25.62022,179
0,1,1,2,3,27.93025,149
0,1,1,2,4,28.11712,102
0,1,1,3,0,-4.37524,132
0,1,1,3,1,-3.93635,34
0,1,1,3,2,-0.87403,303
0,1,1,3,3,-4.31257,304
0,1,1,3,4,-4.26447,88
0,1,2,0,0,0.23561,3
0,1,2,0,1,0.19706,4
0,1,2,0,2,0.18368,0
0,1,2,0,3,0.13608,0
0,1,2,0,4,-0.02504,4
0,1,2,1,0,-1.38648,313
0,1,2,1,1,-1.48956,15
0,1,2,1,2,-0.66106,3
0,1,2,1,3,-1.65315,10
0,1,2,1,4,-1.50074,35
0,1,2,2,0,24.20850,882
0,1,2,2,1,-2.28174,24
0,1,2,2,2,-0.82879,20
0,1,2,2,3,-0.03745,22
0,1,2,2,4,-0.29564,22
0,1,2,3,0,-5.27957,1966
0,1,2,3,1,-8.89297,86
0,1,2,3,2,-8.82949,42
0,1,2,3,3,-5.53245,31
0,1,2,3,4,-9.04010,95
0,1,3,0,0,-0.05950,2
0,1,3,0,1,0.26422,4
0,1,3,0,2,0.48150,0
0,1,3,0,3,0.89681,2
0,1,3,0,4,-0.18941,4
0,1,3,1,0,-12.61302,77
0,1,3,1,1,-12.37660,132
0,1,3,1,2,-22.23173,38
0,1,3,1,3,-12.71449,216
0,1,3,1,4,-12.74966,65
0,1,3,2,0,-20.07518,207
0,1,3,2,1,-35.15992,408
0,1,3,2,2,11.02177,154
0,1,3,2,3,-35.03565,747
0,1,3,2,4,-33.43732,441
0,1,3,3,0,-4.23545,347
0,1,3,3,1,-5.50107,631
0,1,3,3,2,15.18922,128
0,1,3,3,3,-5.12754,1383
0,1,3,3,4,-5.80225,694
0,1,4,0,0,-2.65854,22
0,1,4,0,1,-4.75400,42
0,1,4,0,2,0.61637,6
0,1,4,0,3,0.98457,0
0,1,4,0,4,-3.56593,8
0,1,4,1,0,-32.43866,128
0,1,4,1,1,-32.82547,132
0,1,4,1,2,-33.05359,83
0,1,4,1,3,-32.72818,74
0,1,4,1,4,-33.09084,153
0,1,4,2,0,18.36448,930
0,1,4,2,1,18.81374,1624
0,1,4,2,2,-7.22520,602
0,1,4,2,3,-11.48893,272
0,1,4,2,4,18.34044,1720
0,1,4,3,0,-23.40310,1180
0,1,4,3,1,-22.96999,2114
0,1,4,3,2,-23.40774,672
0,1,4,3,3,-3.85939,327
0,1,4,3,4,-23.40749,1937
0,2,0,0,0,0.46637,0
0,2,0,0,1,0.55356,0
0,2,0,0,2,0.31928,0
0,2,0,0,3,0.29140,0
0,2,0,0,4,0.29196,0
0,2,0,1,0,0.37946,0
0,2,0,1,1,151.26890,1707
0,2,0,1,2,0.57360,0
0,2,0,1,3,0.21578,0
0,2,0,1,4,121.55446,347
0,2,0,2,0,-16.67352,17
0,2,0,2,1,75.89018,8186
0,2,0,2,2,-14.10326,15
0,2,0,2,3,-7.19915,8
0,2,0,2,4,-12.82075,504
0,2,0,3,0,63.20062,3
0,2,0,3,1,422.63964,10850
0,2,0,3,2,0.51064,0
0,2,0,3,3,0.61366,0
0,2,0,3,4,398.46542,742
0,2,1,0,0,-0.19173,6
0,2,1,0,1,-0.32827,3
0,2,1,0,2,-0.55568,5
0,2,1,0,3,-0.31581,5
0,2,1,0,4,1.02940,7
0,2,1,1,0,-0.90403,243
0,2,1,1,1,-0.46647,6
0,2,1,1,2,-0.90689,80
0,2,1,1,3,-0.84147,307
0,2,1,1,4,-0.87272,178
0,2,1,2,0,14.02156,430
0,2,1,2,1,-1.69967,18
0,2,1,2,2,-2.13717,92
0,2,1,2,3,-1.88717,439
0,2,1,2,4,-1.95771,414
0,2,1,3,0,-2.72066,1351
0,2,1,3,1,-6.99093,67
0,2,1,3,2,-7.42557,316
0,2,1,3,3,-8.11593,1311
0,2,1,3,4,-7.36592,726
0,2,2,0,0,-4.39068,26
0,2,2,0,1,-4.36159,33
0,2,2,0,2,-4.58669,35
0,2,2,0,3,-4.72461,25
0,2,2,0,4,-4.68569,42
0,2,2,1,0,-8.36464,848
0,2,2,1,1,-21.22804,288
0,2,2,1,2,-8.36011,266
0,2,2,1,3,-8.42712,128
0,2,2,1,4,-8.36464,335
0,2,2,2,0,-3.11789,2705
0,2,2,2,1,-13.23641,253
0,2,2,2,2,-3.18031,663
0,2,2,2,3,-3.16866,469
0,2,2,2,4,-3.16902,1059
0,2,2,3,0,1.20300,5930
0,2,2,3,1,33.90802,654
0,2,2,3,2,-6.19862,1189
0,2,2,3,3,1.20661,907
0,2,2,3,4,1.14837,2042
0,2,3,0,0,-2.89156,22
0,2,3,0,1,-2.45896,20
0,2,3,0,2,-4.31907,32
0,2,3,0,3,-2.60625,17
0,2,3,0,4,-2.85955,32
0,2,3,1,0,-52.23882,175
0,2,3,1,1,-52.26158,631
0,2,3,1,2,-52.27698,120
0,2,3,1,3,-52.25270,355
0,2,3,1,4,-52.46036,411
0,2,3,2,0,-26.25982,364
0,2,3,2,1,-26.84146,1563
0,2,3,2,2,-26.21647,328
0,2,3,2,3,-7.23505,1175
0,2,3,2,4,-26.13834,1122
0,2,3,3,0,10.85592,656
0,2,3,3,1,6.10929,3989
0,2,3,3,2,21.38235,1064
0,2,3,3,3,27.42127,2330
0,2,3,3,4,6.60207,2566
0,2,4,0,0,-27.11923,11
0,2,4,0,1,-26.87078,127
0,2,4,0,2,0.27854,9
0,2,4,0,3,-21.38210,2
0,2,4,0,4,-15.91403,43
0,2,4,1,0,-50.04610,328
0,2,4,1,1,-47.09529,731
0,2,4,1,2,-46.78176,289
0,2,4,1,3,-47.32356,291
0,2,4,1,4,-46.76665,543
0,2,4,2,0,-24.56977,1460
0,2,4,2,1,-23.58212,2869
0,2,4,2,2,-54.38374,791
0,2,4,2,3,-54.44697,1048
0,2,4,2,4,-26.00655,2282
0,2,4,3,0,-21.09939,3421
0,2,4,3,1,-29.38932,6109
0,2,4,3,2,-22.57684,2030
0,2,4,3,3,-22.83073,2041
0,2,4,3,4,-29.80473,4496
0,3,0,0,0,0.26486,0
0,3,0,0,1,0.43680,0
0,3,0,0,2,0.82999,0
0,3,0,0,3,0.77192,0
0,3,0,0,4,0.26575,0
0,3,0,1,0,0.12879,0
0,3,0,1,1,0.46593,0
0,3,0,1,2,1.46593,354
0,3,0,1,3,0.43632,0
0,3,0,1,4,1.46556,205
0,3,0,2,0,0.41425,0
0,3,0,2,1,0.94606,0
0,3,0,2,2,1.94606,449
0,3,0,2,3,0.04296,0
0,3,0,2,4,1.94606,54
0,3,0,3,0,-1.44748,10
0,3,0,3,1,-1.24609,14
0,3,0,3,2,-0.99609,3576
0,3,0,3,3,-1.44125,12
0,3,0,3,4,-0.24854,115
0,3,1,0,0,-0.60609,38
0,3,1,0,1,-0.35609,8
0,3,1,0,2,-0.35313,14
0,3,1,0,3,-0.51867,4
0,3,1,0,4,-0.60609,41
0,3,1,1,0,0.08834,23
0,3,1,1,1,-0.36445,12
0,3,1,1,2,0.63555,673
0,3,1,1,3,-0.43773,12
0,3,1,1,4,-0.73945,265
0,3,1,2,0,-0.55632,149
0,3,1,2,1,-0.29851,4
0,3,1,2,2,-0.74012,882
0,3,1,2,3,-0.70496,11
0,3,1,2,4,-0.58937,186
0,3,1,3,0,3.49055,334
0,3,1,3,1,2.87044,80
0,3,1,3,2,2.49544,5183
0,3,1,3,3,5.22442,15
0,3,1,3,4,2.58912,613
0,3,2,0,0,-2.89368,22
0,3,2,0,1,-3.08185,30
0,3,2,0,2,-2.90584,22
0,3,2,0,3,-3.09478,19
0,3,2,0,4,-3.46117,35
0,3,2,1,0,-3.42231,442
0,3,2,1,1,-3.04634,521
0,3,2,1,2,6.38641,119
0,3,2,1,3,-3.29187,38
0,3,2,1,4,-3.48384,287
0,3,2,2,0,-4.15916,626
0,3,2,2,1,-3.78405,852
0,3,2,2,2,-1.76565,58
0,3,2,2,3,1.51701,50
0,3,2,2,4,-3.30389,435
0,3,2,3,0,47.28537,2717
0,3,2,3,1,47.73068,3568
0,3,2,3,2,43.94690,378
0,3,2,3,3,20.84575,209
0,3,2,3,4,47.44931,1252
0,3,3,0,0,-0.26113,2
0,3,3,0,1,-0.13447,9
0,3,3,0,2,-0.38447,24
0,3,3,0,3,-0.34460,2
0,3,3,0,4,-0.50944,18
0,3,3,1,0,-46.70864,101
0,3,3,1,1,-46.87961,638
0,3,3,1,2,-46.81144,102
0,3,3,1,3,-47.04399,98
0,3,3,1,4,-49.53154,190
0,3,3,2,0,-24.56262,75
0,3,3,2,1,-24.18790,998
0,3,3,2,2,40.88581,140
0,3,3,2,3,3.41317,48
0,3,3,2,4,7.66025,232
0,3,3,3,0,61.95902,699
0,3,3,3,1,60.20902,3625
0,3,3,3,2,8.13535,694
0,3,3,3,3,43.00984,144
0,3,3,3,4,61.12334,847
0,3,4,0,0,-0.44639,15
0,3,4,0,1,-28.16746,80
0,3,4,0,2,-1.69364,29
0,3,4,0,3,-25.79245,66
0,3,4,0,4,-28.54869,55
0,3,4,1,0,-41.18925,156
0,3,4,1,1,-41.30949,404
0,3,4,1,2,-41.08866,295
0,3,4,1,3,-41.46671,270
0,3,4,1,4,-41.42667,289
0,3,4,2,0,-26.55164,141
0,3,4,2,1,-23.47148,470
0,3,4,2,2,-41.74910,357
0,3,4,2,3,-42.14255,325
0,3,4,2,4,-12.85803,250
0,3,4,3,0,15.66328,548
0,3,4,3,1,-18.97411,2343
0,3,4,3,2,-19.34583,1631
0,3,4,3,3,-20.37707,899
0,3,4,3,4,9.80640,989
1,0,0,0,0,0.15437,0
1,0,0,0,1,0.82413,0
1,0,0,0,2,0.51463,0
1,0,0,0,3,0.65570,0
1,0,0,0,4,0.34280,0
1,0,0,1,0,0.26065,0
1,0,0,1,1,0.50117,0
1,0,0,1,2,0.93590,0
1,0,0,1,3,0.71186,0
1,0,0,1,4,0.34497,0
1,0,0,2,0,0.73379,0
1,0,0,2,1,3.41721,2
1,0,0,2,2,0.22832,0
1,0,0,2,3,0.36752,0
1,0,0,2,4,1.11582,4
1,0,0,3,0,0.61745,0
1,0,0,3,1,3.51336,5
1,0,0,3,2,0.88756,61
1,0,0,3,3,0.22551,0
1,0,0,3,4,0.98787,0
1,0,1,0,0,0.05842,0
1,0,1,0,1,0.24785,5
1,0,1,0,2,-0.14814,1
1,0,1,0,3,0.06478,5
1,0,1,0,4,0.19855,0
1,0,1,1,0,0.40658,0
1,0,1,1,1,13.41658,278
1,0,1,1,2,24.45807,5
1,0,1,1,3,0.80405,0
1,0,1,1,4,7.82392,6
1,0,1,2,0,10.63583,27
1,0,1,2,1,7.73916,1106
1,0,1,2,2,8.99793,31
1,0,1,2,3,2.18119,4
1,0,1,2,4,8.18972,70
1,0,1,3,0,-9.45552,22
1,0,1,3,1,-2.34701,1316
1,0,1,3,2,-3.69870,24
1,0,1,3,3,0.76525,0
1,0,1,3,4,-5.79131,163
1,0,2,0,0,0.58018,0
1,0,2,0,1,0.42614,0
1,0,2,0,2,0.72754,0
1,0,2,0,3,0.40507,0
1,0,2,0,4,0.06306,0
1,0,2,1,0,-0.25655,11
1,0,2,1,1,4.13450,104
1,0,2,1,2,33.84903,527
1,0,2,1,3,5.25184,11
1,0,2,1,4,3.88083,13
1,0,2,2,0,6.16610,25
1,0,2,2,1,16.47352,549
1,0,2,2,2,16.21671,3238
1,0,2,2,3,2.04627,78
1,0,2,2,4,11.69692,44
1,0,2,3,0,-14.03545,43
1,0,2,3,1,-8.44939,1014
1,0,2,3,2,-0.32561,5221
1,0,2,3,3,10.01070,99
1,0,2,3,4,-39.05484,87
1,0,3,0,0,0.88376,0
1,0,3,0,1,0.68502,0
1,0,3,0,2,0.73238,0
1,0,3,0,3,0.94122,0
1,0,3,0,4,0.72161,0
1,0,3,1,0,-3.72194,32
1,0,3,1,1,-2.06563,113
1,0,3,1,2,-2.42355,52
1,0,3,1,3,5.73962,331
1,0,3,1,4,-23.15519,82
1,0,3,2,0,-25.73606,206
1,0,3,2,1,14.29207,379
1,0,3,2,2,-13.73703,279
1,0,3,2,3,13.75169,1578
1,0,3,2,4,-14.43856,192
1,0,3,3,0,8.30132,404
1,0,3,3,1,8.05807,616
1,0,3,3,2,8.86153,456
1,0,3,3,3,1.37515,2696
1,0,3,3,4,15.84132,291
1,0,4,0,0,0.07442,0
1,0,4,0,1,0.47348,0
1,0,4,0,2,0.79632,0
1,0,4,0,3,0.07456,0
1,0,4,0,4,0.66960,0
1,0,4,1,0,-53.26190,45
1,0,4,1,1,-30.08169,259
1,0,4,1,2,-53.42095,67
1,0,4,1,3,-53.24031,89
1,0,4,1,4,-40.64879,125
1,0,4,2,0,-63.43747,251
1,0,4,2,1,-22.38260,1272
1,0,4,2,2,-28.55895,328
1,0,4,2,3,-29.31997,269
1,0,4,2,4,-24.26422,240
1,0,4,3,0,-18.42715,454
1,0,4,3,1,-16.65497,2288
1,0,4,3,2,-44.72564,627
1,0,4,3,3,-49.19813,325
1,0,4,3,4,-20.02349,431
1,1,0,0,0,0.23453,0
1,1,0,0,1,0.78521,0
1,1,0,0,2,0.81348,0
1,1,0,0,3,0.02861,0
1,1,0,0,4,0.05109,0
1,1,0,1,0,0.99214,0
1,1,0,1,1,0.04655,0
1,1,0,1,2,10.46060,107
1,1,0,1,3,0.73276,0
1,1,0,1,4,0.74529,0
1,1,0,2,0,0.81933,0
1,1,0,2,1,0.09348,27
1,1,0,2,2,1.09348,1286
1,1,0,2,3,0.27630,0
1,1,0,2,4,1.05510,88
1,1,0,3,0,0.37373,0
1,1,0,3,1,0.53332,22
1,1,0,3,2,-0.23641,1486
1,1,0,3,3,0.16736,0
1,1,0,3,4,1.53332,194
1,1,1,0,0,-3.87556,28
1,1,1,0,1,0.04789,16
1,1,1,0,2,-0.22981,2
1,1,1,0,3,-0.10099,2
1,1,1,0,4,18.21250,79
1,1,1,1,0,1.55905,1045
1,1,1,1,1,1.84978,2464
1,1,1,1,2,27.46291,72
1,1,1,1,3,-0.57093,100
1,1,1,1,4,2.84209,1203
1,1,1,2,0,32.19397,9392
1,1,1,2,1,-0.54654,16687
1,1,1,2,2,0.57846,102
1,1,1,2,3,14.69143,531
1,1,1,2,4,6.59550,3849
1,1,1,3,0,-1.76541,10481
1,1,1,3,1,-2.08023,20311
1,1,1,3,2,0.21524,44
1,1,1,3,3,-5.80984,327
1,1,1,3,4,-6.93395,3868
1,1,2,0,0,-4.38559,21
1,1,2,0,1,-37.04210,76
1,1,2,0,2,-4.38192,8
1,1,2,0,3,-4.50856,42
1,1,2,0,4,32.62986,42
1,1,2,1,0,-1.42599,610
1,1,2,1,1,-47.02850,7127
1,1,2,1,2,45.15609,365
1,1,2,1,3,-1.87792,1401
1,1,2,1,4,-47.23460,627
1,1,2,2,0,26.91089,4299
1,1,2,2,1,43.02203,58410
1,1,2,2,2,11.50817,3086
1,1,2,2,3,0.24751,6067
1,1,2,2,4,11.67428,4003
1,1,2,3,0,17.86214,5389
1,1,2,3,1,30.17321,79369
1,1,2,3,2,17.14932,4123
1,1,2,3,3,30.87238,8426
1,1,2,3,4,10.35468,4503
1,1,3,0,0,-29.04908,25
1,1,3,0,1,-0.85922,43
1,1,3,0,2,-21.60456,13
1,1,3,0,3,-10.64838,142
1,1,3,0,4,-5.24780,50
1,1,3,1,0,-35.85092,1492
1,1,3,1,1,-50.26187,4575
1,1,3,1,2,-36.00589,283
1,1,3,1,3,-21.84184,1425
1,1,3,1,4,-22.12574,1506
1,1,3,2,0,-10.05147,13443
1,1,3,2,1,2.36316,31449
1,1,3,2,2,4.89340,1646
1,1,3,2,3,3.32604,6505
1,1,3,2,4,1.94810,7643
1,1,3,3,0,-3.53386,15755
1,1,3,3,1,-8.66640,39615
1,1,3,3,2,-17.41643,1437
1,1,3,3,3,-8.87548,7931
1,1,3,3,4,-7.96723,9999
1,1,4,0,0,-5.98707,8
1,1,4,0,1,-44.87892,75
1,1,4,0,2,-51.03917,12
1,1,4,0,3,-3.23872,31
1,1,4,0,4,-2.79376,102
1,1,4,1,0,-58.13379,721
1,1,4,1,1,-39.45189,4808
1,1,4,1,2,-66.79769,613
1,1,4,1,3,-66.83119,427
1,1,4,1,4,-37.10232,2494
1,1,4,2,0,-47.11974,5118
1,1,4,2,1,-18.64620,41516
1,1,4,2,2,-23.50964,3590
1,1,4,2,3,-55.91633,2053
1,1,4,2,4,-19.02119,24007
1,1,4,3,0,-18.95405,5039
1,1,4,3,1,-21.25944,60804
1,1,4,3,2,-44.74041,5650
1,1,4,3,3,-37.79711,3008
1,1,4,3,4,-19.68695,27925
1,2,0,0,0,0.20330,0
1,2,0,0,1,0.08349,0
1,2,0,0,2,0.31128,0
1,2,0,0,3,0.56565,0
1,2,0,0,4,0.60317,0
1,2,0,1,0,0.64601,0
1,2,0,1,1,7.85480,3
1,2,0,1,2,0.93000,0
1,2,0,1,3,0.66801,0
1,2,0,1,4,8.85480,526
1,2,0,2,0,0.98101,3
1,2,0,2,1,-0.51590,5
1,2,0,2,2,1.11691,34
1,2,0,2,3,4.85925,5
1,2,0,2,4,0.48808,2729
1,2,0,3,0,3.48961,11
1,2,0,3,1,-0.59515,20
1,2,0,3,2,3.66560,12
1,2,0,3,3,4.72324,4
1,2,0,3,4,0.40485,6419
1,2,1,0,0,-1.65256,16
1,2,1,0,1,5.85172,87
1,2,1,0,2,-1.61540,16
1,2,1,0,3,-1.66043,90
1,2,1,0,4,6.22672,75
1,2,1,1,0,-7.84611,63
1,2,1,1,1,20.08359,8938
1,2,1,1,2,45.62002,71
1,2,1,1,3,43.34686,1061
1,2,1,1,4,3.88389,1590
1,2,1,2,0,20.99157,233
1,2,1,2,1,7.33797,39478
1,2,1,2,2,33.47239,349
1,2,1,2,3,31.44617,1898
1,2,1,2,4,6.96298,5780
1,2,1,3,0,25.65502,483
1,2,1,3,1,31.64589,56891
1,2,1,3,2,33.13041,444
1,2,1,3,3,1.03942,3445
1,2,1,3,4,-7.09399,6206
1,2,2,0,0,-8.91549,103
1,2,2,0,1,-8.79069,113
1,2,2,0,2,-7.82080,71
1,2,2,0,3,-9.04038,102
1,2,2,0,4,-9.03901,159
1,2,2,1,0,-12.28847,3663
1,2,2,1,1,11.61886,5813
1,2,2,1,2,48.57106,1870
1,2,2,1,3,-6.37446,3808
1,2,2,1,4,10.23654,2278
1,2,2,2,0,16.96216,19120
1,2,2,2,1,54.13558,23988
1,2,2,2,2,16.97014,7828
1,2,2,2,3,36.99408,13593
1,2,2,2,4,56.16292,11521
1,2,2,3,0,40.81888,28962
1,2,2,3,1,14.77773,38350
1,2,2,3,2,17.50354,10931
1,2,2,3,3,61.42134,21545
1,2,2,3,4,14.56627,21765
1,2,3,0,0,-24.51727,30
1,2,3,0,1,1.81703,258
1,2,3,0,2,-34.90828,100
1,2,3,0,3,-29.68721,76
1,2,3,0,4,7.03386,310
1,2,3,1,0,-49.98736,749
1,2,3,1,1,-49.99865,10762
1,2,3,1,2,-52.05549,1510
1,2,3,1,3,-52.37620,525
1,2,3,1,4,-50.25442,3523
1,2,3,2,0,-8.63942,1909
1,2,3,2,1,-6.57243,53601
1,2,3,2,2,20.87130,4404
1,2,3,2,3,-6.07115,1095
1,2,3,2,4,-16.45694,14852
1,2,3,3,0,-8.15788,3466
1,2,3,3,1,-7.90792,84241
1,2,3,3,2,24.96844,8219
1,2,3,3,3,-8.15792,1713
1,2,3,3,4,-0.55964,29752
1,2,4,0,0,-56.56552,48
1,2,4,0,1,-57.08284,208
1,2,4,0,2,-42.78193,82
1,2,4,0,3,-20.58010,114
1,2,4,0,4,-22.65382,534
1,2,4,1,0,-72.94461,1272
1,2,4,1,1,-46.12861,9964
1,2,4,1,2,-72.87228,1030
1,2,4,1,3,-72.87399,916
1,2,4,1,4,-46.21854,4872
1,2,4,2,0,-53.43332,2586
1,2,4,2,1,-22.69708,54833
1,2,4,2,2,-17.24634,2404
1,2,4,2,3,-56.94090,3293
1,2,4,2,4,-27.51514,30318
1,2,4,3,0,-24.89882,7536
1,2,4,3,1,-23.07125,98644
1,2,4,3,2,-19.37353,5115
1,2,4,3,3,-59.24077,5184
1,2,4,3,4,-24.53310,63608
1,3,0,0,0,0.52935,0
1,3,0,0,1,0.61663,0
1,3,0,0,2,0.13367,0
1,3,0,0,3,0.33678,0
1,3,0,0,4,0.77168,3
1,3,0,1,0,0.50156,0
1,3,0,1,1,1.27900,2
1,3,0,1,2,3.27900,54
1,3,0,1,3,0.94989,0
1,3,0,1,4,2.27766,530
1,3,0,2,0,0.90725,3
1,3,0,2,1,1.01282,1
1,3,0,2,2,0.99236,0
1,3,0,2,3,0.27610,4
1,3,0,2,4,2.01117,468
1,3,0,3,0,-0.15954,3
1,3,0,3,1,6.57042,14
1,3,0,3,2,5.61796,7
1,3,0,3,3,0.77889,0
1,3,0,3,4,7.57042,1603
1,3,1,0,0,-1.44414,16
1,3,1,0,1,-1.17189,32
1,3,1,0,2,-1.40823,305
1,3,1,0,3,-1.37000,17
1,3,1,0,4,-1.04689,273
1,3,1,1,0,25.20401,330
1,3,1,1,1,56.55872,899
1,3,1,1,2,13.00447,2807
1,3,1,1,3,2.92062,474
1,3,1,1,4,56.30788,1887
1,3,1,2,0,23.90313,203
1,3,1,2,1,39.25457,1100
1,3,1,2,2,54.14420,4189
1,3,1,2,3,53.86785,605
1,3,1,2,4,38.72402,3104
1,3,1,3,0,52.77701,382
1,3,1,3,1,34.32861,2184
1,3,1,3,2,33.26037,12650
1,3,1,3,3,33.37042,1528
1,3,1,3,4,3.11099,10841
1,3,2,0,0,-3.65865,47
1,3,2,0,1,13.16037,163
1,3,2,0,2,16.82104,56
1,3,2,0,3,-3.46684,57
1,3,2,0,4,11.58701,161
1,3,2,1,0,28.13287,921
1,3,2,1,1,-0.36949,8465
1,3,2,1,2,44.51183,908
1,3,2,1,3,-2.21372,1382
1,3,2,1,4,28.09362,1829
1,3,2,2,0,58.66747,1737
1,3,2,2,1,51.20916,16034
1,3,2,2,2,22.05739,1174
1,3,2,2,3,53.33668,1931
1,3,2,2,4,49.78505,2749
1,3,2,3,0,18.95448,3374
1,3,2,3,1,18.17857,35108
1,3,2,3,2,26.00198,3029
1,3,2,3,3,42.03326,4869
1,3,2,3,4,18.71495,10522
1,3,3,0,0,-52.74824,53
1,3,3,0,1,-16.60246,142
1,3,3,0,2,-21.18659,37
1,3,3,0,3,-57.46475,172
1,3,3,0,4,18.50238,101
1,3,3,1,0,-58.47948,545
1,3,3,1,1,-6.53568,3671
1,3,3,1,2,-58.54933,620
1,3,3,1,3,-58.53655,685
1,3,3,1,4,-25.78375,1677
1,3,3,2,0,2.15098,769
1,3,3,2,1,-8.74256,6946
1,3,3,2,2,-8.11607,831
1,3,3,2,3,-53.69118,1247
1,3,3,2,4,29.07655,2423
1,3,3,3,0,-7.26522,2657
1,3,3,3,1,-9.85347,16989
1,3,3,3,2,-12.70487,2405
1,3,3,3,3,-7.38473,4516
1,3,3,3,4,61.30495,11326
1,3,4,0,0,-57.32352,67
1,3,4,0,1,-32.65010,226
1,3,4,0,2,-22.25520,29
1,3,4,0,3,-15.71652,336
1,3,4,0,4,25.19127,290
1,3,4,1,0,-65.75194,608
1,3,4,1,1,-40.85223,4405
1,3,4,1,2,-60.18628,590
1,3,4,1,3,-66.64725,527
1,3,4,1,4,-60.40985,1977
1,3,4,2,0,12.29558,627
1,3,4,2,1,-27.95683,7962
1,3,4,2,2,2.97067,755
1,3,4,2,3,-65.11521,1251
1,3,4,2,4,11.02956,2530
1,3,4,3,0,-58.06293,2318
1,3,4,3,1,-24.58966,19741
1,3,4,3,2,9.41010,3417
1,3,4,3,3,-64.28565,3967
1,3,4,3,4,-20.50237,13966
2,0,0,0,0,0.98327,0
2,0,0,0,1,0.37389,0
2,0,0,0,2,0.08567,0
2,0,0,0,3,0.01615,0
2,0,0,0,4,0.83955,0
2,0,0,1,0,0.52392,0
2,0,0,1,1,0.69844,0
2,0,0,1,2,0.75649,0
2,0,0,1,3,0.40428,0
2,0,0,1,4,0.66707,0
2,0,0,2,0,0.49352,0
2,0,0,2,1,0.78908,0
2,0,0,2,2,0.49337,0
2,0,0,2,3,0.31958,0
2,0,0,2,4,0.28272,0
2,0,0,3,0,0.41261,0
2,0,0,3,1,0.28774,0
2,0,0,3,2,0.11460,0
2,0,0,3,3,0.47880,0
2,0,0,3,4,0.41718,0
2,0,1,0,0,0.87717,0
2,0,1,0,1,0.86705,0
2,0,1,0,2,1.13020,4
2,0,1,0,3,0.64331,0
2,0,1,0,4,0.27061,0
2,0,1,1,0,3.11384,32
2,0,1,1,1,38.35327,131
2,0,1,1,2,38.10987,377
2,0,1,1,3,-0.27360,5
2,0,1,1,4,57.05659,120
2,0,1,2,0,29.31868,424
2,0,1,2,1,38.60753,202
2,0,1,2,2,102.49267,1420
2,0,1,2,3,22.12896,73
2,0,1,2,4,32.17512,196
2,0,1,3,0,86.28560,222
2,0,1,3,1,79.76730,301
2,0,1,3,2,66.29628,1634
2,0,1,3,3,83.81913,24
2,0,1,3,4,82.26730,651
2,0,2,0,0,0.13192,0
2,0,2,0,1,0.91332,0
2,0,2,0,2,0.36727,0
2,0,2,0,3,0.38216,0
2,0,2,0,4,0.53429,0
2,0,2,1,0,-6.61737,39
2,0,2,1,1,7.85807,272
2,0,2,1,2,1.94149,10
2,0,2,1,3,2.38323,2
2,0,2,1,4,-6.20607,59
2,0,2,2,0,6.61400,93
2,0,2,2,1,8.08703,1338
2,0,2,2,2,2.12003,16
2,0,2,2,3,19.11656,22
2,0,2,2,4,24.37021,232
2,0,2,3,0,-4.04001,123
2,0,2,3,1,-2.38490,2352
2,0,2,3,2,6.21094,35
2,0,2,3,3,11.30808,13
2,0,2,3,4,9.48431,287
2,0,3,0,0,1.48318,3
2,0,3,0,1,0.17279,0
2,0,3,0,2,0.59403,0
2,0,3,0,3,0.36783,0
2,0,3,0,4,0.24915,0
2,0,3,1,0,-4.98296,605
2,0,3,1,1,-10.64077,214
2,0,3,1,2,-25.12085,44
2,0,3,1,3,-24.36434,37
2,0,3,1,4,-13.08055,161
2,0,3,2,0,20.12985,3106
2,0,3,2,1,-2.16857,765
2,0,3,2,2,-36.62501,210
2,0,3,2,3,-15.38963,135
2,0,3,2,4,12.47741,646
2,0,3,3,0,5.85066,4679
2,0,3,3,1,5.82463,1317
2,0,3,3,2,-13.70633,336
2,0,3,3,3,16.28502,289
2,0,3,3,4,13.67330,920
2,0,4,0,0,0.04173,0
2,0,4,0,1,0.73136,0
2,0,4,0,2,0.64652,0
2,0,4,0,3,0.91873,0
2,0,4,0,4,1.38182,5
2,0,4,1,0,-68.49256,70
2,0,4,1,1,-68.63680,553
2,0,4,1,2,-68.25633,136
2,0,4,1,3,-68.42313,98
2,0,4,1,4,-10.54828,289
2,0,4,2,0,-39.30706,197
2,0,4,2,1,1.79478,2166
2,0,4,2,2,-36.12957,944
2,0,4,2,3,-67.55106,405
2,0,4,2,4,-23.68894,1184
2,0,4,3,0,-12.47332,338
2,0,4,3,1,-13.64105,3455
2,0,4,3,2,-13.58218,1480
2,0,4,3,3,-40.73545,880
2,0,4,3,4,-8.44927,1985
2,1,0,0,0,0.23042,0
2,1,0,0,1,0.51870,0
2,1,0,0,2,0.34471,0
2,1,0,0,3,0.88889,0
2,1,0,0,4,1.23618,2
2,1,0,1,0,0.59644,0
2,1,0,1,1,0.23818,0
2,1,0,1,2,0.46193,0
2,1,0,1,3,0.16578,0
2,1,0,1,4,1.24246,62
2,1,0,2,0,3.08119,6
2,1,0,2,1,13.03319,30
2,1,0,2,2,14.12736,4
2,1,0,2,3,3.31444,165
2,1,0,2,4,1.09348,2050
2,1,0,3,0,1.88154,4
2,1,0,3,1,1.96731,17
2,1,0,3,2,85.01790,5
2,1,0,3,3,2.40547,18
2,1,0,3,4,41.99621,3051
2,1,1,0,0,-2.97343,21
2,1,1,0,1,6.54310,44
2,1,1,0,2,-2.97860,76
2,1,1,0,3,-2.98141,44
2,1,1,0,4,-2.95733,90
2,1,1,1,0,25.43905,72
2,1,1,1,1,3.37874,2874
2,1,1,1,2,33.21419,1152
2,1,1,1,3,25.19118,2600
2,1,1,1,4,63.77420,3090
2,1,1,2,0,14.36168,538
2,1,1,2,1,76.17025,14318
2,1,1,2,2,53.65720,4217
2,1,1,2,3,15.73578,8686
2,1,1,2,4,83.90527,16374
2,1,1,3,0,42.63658,630
2,1,1,3,1,89.19719,19349
2,1,1,3,2,60.43977,6169
2,1,1,3,3,34.29729,11589
2,1,1,3,4,85.56639,18732
2,1,2,0,0,-1.23633,35
2,1,2,0,1,-1.01176,14
2,1,2,0,2,-1.24217,17
2,1,2,0,3,37.93775,31
2,1,2,0,4,-1.12828,23
2,1,2,1,0,-0.11725,4680
2,1,2,1,1,4.39520,419
2,1,2,1,2,12.84873,88
2,1,2,1,3,47.58089,187
2,1,2,1,4,5.03937,3988
2,1,2,2,0,0.15827,41716
2,1,2,2,1,10.04351,1663
2,1,2,2,2,-7.90670,355
2,1,2,2,3,85.24065,684
2,1,2,2,4,7.87164,33376
2,1,2,3,0,1.80526,58184
2,1,2,3,1,-4.31125,2112
2,1,2,3,2,19.10707,384
2,1,2,3,3,32.24771,749
2,1,2,3,4,-4.55784,43527
2,1,3,0,0,-27.73957,43
2,1,3,0,1,-3.21279,56
2,1,3,0,2,-11.63361,16
2,1,3,0,3,-10.87091,30
2,1,3,0,4,-10.08995,35
2,1,3,1,0,0.21387,1273
2,1,3,1,1,-0.84505,9413
2,1,3,1,2,-61.17215,1223
2,1,3,1,3,-53.28489,2584
2,1,3,1,4,0.40671,2463
2,1,3,2,0,16.90672,10303
2,1,3,2,1,34.81286,80864
2,1,3,2,2,-1.83209,9160
2,1,3,2,3,-36.49495,11223
2,1,3,2,4,27.05419,18107
2,1,3,3,0,3.38934,14567
2,1,3,3,1,30.88281,105001
2,1,3,3,2,7.62535,11692
2,1,3,3,3,40.01470,14787
2,1,3,3,4,11.97897,23180
2,1,4,0,0,-9.97248,34
2,1,4,0,1,-47.09883,144
2,1,4,0,2,-43.20553,38
2,1,4,0,3,-3.86557,18
2,1,4,0,4,-47.32726,142
2,1,4,1,0,-98.62057,1016
2,1,4,1,1,-24.59813,11479
2,1,4,1,2,-65.26554,1065
2,1,4,1,3,-98.64865,1313
2,1,4,1,4,-15.71086,5895
2,1,4,2,0,-39.49881,5259
2,1,4,2,1,-17.46640,92405
2,1,4,2,2,-46.31900,5535
2,1,4,2,3,-44.76882,7633
2,1,4,2,4,1.44610,65385
2,1,4,3,0,-5.40266,5990
2,1,4,3,1,-17.92975,125918
2,1,4,3,2,4.20849,8344
2,1,4,3,3,-41.21243,8565
2,1,4,3,4,28.82226,83412
2,2,0,0,0,0.87648,0
2,2,0,0,1,0.99457,0
2,2,0,0,2,0.97470,0
2,2,0,0,3,0.22976,0
2,2,0,0,4,1.99825,8
2,2,0,1,0,45.71579,9
2,2,0,1,1,20.81665,654
2,2,0,1,2,0.42144,0
2,2,0,1,3,0.06769,0
2,2,0,1,4,15.33572,102
2,2,0,2,0,107.55243,18
2,2,0,2,1,52.75213,4486
2,2,0,2,2,123.84069,19
2,2,0,2,3,57.79324,27
2,2,0,2,4,28.43923,1445
2,2,0,3,0,114.12058,33
2,2,0,3,1,47.62713,7622
2,2,0,3,2,54.60047,118
2,2,0,3,3,175.38772,6
2,2,0,3,4,48.62712,3582
2,2,1,0,0,-1.93877,65
2,2,1,0,1,13.84369,100
2,2,1,0,2,-2.01308,102
2,2,1,0,3,-2.00953,24
2,2,1,0,4,14.84999,232
2,2,1,1,0,6.75861,5580
2,2,1,1,1,34.00641,2791
2,2,1,1,2,31.45189,3031
2,2,1,1,3,9.76963,775
2,2,1,1,4,33.75641,5058
2,2,1,2,0,45.10718,17371
2,2,1,2,1,63.97816,16336
2,2,1,2,2,68.11455,7175
2,2,1,2,3,133.15813,2228
2,2,1,2,4,52.93317,17789
2,2,1,3,0,33.11207,28202
2,2,1,3,1,89.72764,22746
2,2,1,3,2,54.96341,12030
2,2,1,3,3,85.37247,3111
2,2,1,3,4,15.69872,29622
2,2,2,0,0,-1.50801,64
2,2,2,0,1,50.31513,260
2,2,2,0,2,-1.60254,52
2,2,2,0,3,-1.54255,49
2,2,2,0,4,40.96180,213
2,2,2,1,0,30.15780,637
2,2,2,1,1,10.16728,17725
2,2,2,1,2,22.99459,925
2,2,2,1,3,30.43438,454
2,2,2,1,4,50.46789,2734
2,2,2,2,0,30.89012,2092
2,2,2,2,1,14.85376,94228
2,2,2,2,2,39.08290,2351
2,2,2,2,3,11.69102,1272
2,2,2,2,4,27.93974,13571
2,2,2,3,0,61.76604,3078
2,2,2,3,1,73.87457,139557
2,2,2,3,2,13.63548,2555
2,2,2,3,3,53.02290,1710
2,2,2,3,4,-2.29520,22516
2,2,3,0,0,-58.22615,75
2,2,3,0,1,3.02636,326
2,2,3,0,2,-43.61781,115
2,2,3,0,3,-43.01401,207
2,2,3,0,4,12.23519,355
2,2,3,1,0,-73.33916,1485
2,2,3,1,1,1.40799,16337
2,2,3,1,2,-31.29311,1664
2,2,3,1,3,-22.82898,1689
2,2,3,1,4,-2.58765,5374
2,2,3,2,0,15.68842,4762
2,2,3,2,1,29.64581,90937
2,2,3,2,2,5.20286,5185
2,2,3,2,3,-4.48345,6379
2,2,3,2,4,29.39427,28017
2,2,3,3,0,3.54444,8134
2,2,3,3,1,32.61349,145543
2,2,3,3,2,0.33834,8473
2,2,3,3,3,62.39318,10109
2,2,3,3,4,33.41177,55627
2,2,4,0,0,-29.76340,50
2,2,4,0,1,-11.37456,391
2,2,4,0,2,-5.68515,138
2,2,4,0,3,5.33187,190
2,2,4,0,4,-11.61480,1037
2,2,4,1,0,-99.66898,1681
2,2,4,1,1,-25.95887,24612
2,2,4,1,2,-82.63191,1935
2,2,4,1,3,-99.67397,1652
2,2,4,1,4,-29.37818,10399
2,2,4,2,0,-61.96198,5456
2,2,4,2,1,-26.39422,122670
2,2,4,2,2,-76.01655,3964
2,2,4,2,3,-96.27639,4660
2,2,4,2,4,-51.39396,74014
2,2,4,3,0,-44.05348,11660
2,2,4,3,1,-21.80229,201834
2,2,4,3,2,-10.88415,8056
2,2,4,3,3,-69.15451,7778
2,2,4,3,4,-19.56757,162267
2,3,0,0,0,-0.30647,6
2,3,0,0,1,-0.62605,10
2,3,0,0,2,75.85364,12
2,3,0,0,3,-0.37423,8
2,3,0,0,4,-0.32734,18
2,3,0,1,0,86.71098,5
2,3,0,1,1,99.11666,1688
2,3,0,1,2,159.46454,203
2,3,0,1,3,43.96600,12
2,3,0,1,4,100.12441,365
2,3,0,2,0,85.18609,18
2,3,0,2,1,166.94274,2158
2,3,0,2,2,167.94274,352
2,3,0,2,3,78.61309,12
2,3,0,2,4,167.63513,377
2,3,0,3,0,72.17656,62
2,3,0,3,1,69.39903,5955
2,3,0,3,2,59.51308,1491
2,3,0,3,3,71.14580,20
2,3,0,3,4,69.26426,1001
2,3,1,0,0,-1.73345,228
2,3,1,0,1,49.07120,391
2,3,1,0,2,-1.68361,128
2,3,1,0,3,-1.58763,68
2,3,1,0,4,-1.79396,428
2,3,1,1,0,24.03153,3023
2,3,1,1,1,69.18488,8076
2,3,1,1,2,4.95422,1706
2,3,1,1,3,1.77220,1519
2,3,1,1,4,50.71977,4196
2,3,1,2,0,58.34991,3800
2,3,1,2,1,82.74636,13553
2,3,1,2,2,84.99114,2356
2,3,1,2,3,65.75958,2552
2,3,1,2,4,69.60758,5885
2,3,1,3,0,92.36122,6882
2,3,1,3,1,73.27171,29285
2,3,1,3,2,56.54296,6494
2,3,1,3,3,80.96798,4239
2,3,1,3,4,93.87373,18906
2,3,2,0,0,-0.29371,101
2,3,2,0,1,27.16221,247
2,3,2,0,2,0.02375,52
2,3,2,0,3,-0.48561,26
2,3,2,0,4,9.95948,419
2,3,2,1,0,71.35961,775
2,3,2,1,1,24.93888,11254
2,3,2,1,2,15.26290,331
2,3,2,1,3,31.44196,434
2,3,2,1,4,36.11062,4192
2,3,2,2,0,27.28857,1051
2,3,2,2,1,23.96220,21960
2,3,2,2,2,97.73049,521
2,3,2,2,3,57.64731,335
2,3,2,2,4,73.88874,7700
2,3,2,3,0,27.77583,2292
2,3,2,3,1,16.12666,44368
2,3,2,3,2,13.96105,1229
2,3,2,3,3,70.77475,991
2,3,2,3,4,31.12482,32910
2,3,3,0,0,-7.05266,115
2,3,3,0,1,25.82296,287
2,3,3,0,2,-7.13333,93
2,3,3,0,3,-13.63161,217
2,3,3,0,4,23.57297,459
2,3,3,1,0,-58.56581,515
2,3,3,1,1,-0.26295,6419
2,3,3,1,2,-36.23067,998
2,3,3,1,3,-56.81236,962
2,3,3,1,4,1.14102,3920
2,3,3,2,0,0.85595,647
2,3,3,2,1,11.07877,12130
2,3,3,2,2,23.18807,1071
2,3,3,2,3,11.71038,1273
2,3,3,2,4,-1.23984,5791
2,3,3,3,0,29.97316,1649
2,3,3,3,1,11.55627,31205
2,3,3,3,2,-12.72825,3590
2,3,3,3,3,28.55620,3187
2,3,3,3,4,8.01928,24247
2,3,4,0,0,-34.96821,127
2,3,4,0,1,-43.99474,404
2,3,4,0,2,-92.07911,245
2,3,4,0,3,-41.74466,502
2,3,4,0,4,19.33497,866
2,3,4,1,0,-119.40554,1265
2,3,4,1,1,-21.83329,11268
2,3,4,1,2,-97.12330,1356
2,3,4,1,3,-108.17633,1174
2,3,4,1,4,-46.68514,4941
2,3,4,2,0,-30.50876,1398
2,3,4,2,1,-26.81904,20833
2,3,4,2,2,-91.70689,1708
2,3,4,2,3,-53.77209,1752
2,3,4,2,4,53.39639,8159
2,3,4,3,0,-1.01169,4611
2,3,4,3,1,-31.37397,56332
2,3,4,3,2,-19.32481,5451
2,3,4,3,3,-8.16001,5619
2,3,4,3,4,-17.66374,41087
3,0,0,0,0,0.57008,0
3,0,0,0,1,0.02204,0
3,0,0,0,2,0.40128,0
3,0,0,0,3,0.27260,0
3,0,0,0,4,0.19020,0
3,0,0,1,0,2.79975,63
3,0,0,1,1,0.79975,0
3,0,0,1,2,0.18669,0
3,0,0,1,3,0.87289,0
3,0,0,1,4,0.95499,0
3,0,0,2,0,43.70681,87
3,0,0,2,1,0.15008,0
3,0,0,2,2,0.87872,0
3,0,0,2,3,0.72418,0
3,0,0,2,4,0.69408,0
3,0,0,3,0,3.02069,81
3,0,0,3,1,1.02069,2
3,0,0,3,2,0.37420,0
3,0,0,3,3,0.64697,0
3,0,0,3,4,3.02069,65
3,0,1,0,0,0.23190,0
3,0,1,0,1,0.99811,9
3,0,1,0,2,0.43166,0
3,0,1,0,3,0.24690,0
3,0,1,0,4,0.42982,0
3,0,1,1,0,73.56673,5
3,0,1,1,1,53.55257,371
3,0,1,1,2,10.50818,3
3,0,1,1,3,16.08961,8
3,0,1,1,4,46.33783,152
3,0,1,2,0,19.72258,63
3,0,1,2,1,17.34758,1188
3,0,1,2,2,3.04408,8
3,0,1,2,3,41.94176,14
3,0,1,2,4,18.72258,596
3,0,1,3,0,0.53509,2
3,0,1,3,1,55.84171,1869
3,0,1,3,2,47.70611,73
3,0,1,3,3,52.40158,87
3,0,1,3,4,57.07111,52
3,0,2,0,0,0.19195,0
3,0,2,0,1,0.59496,0
3,0,2,0,2,0.04564,0
3,0,2,0,3,0.03738,0
3,0,2,0,4,1.73285,9
3,0,2,1,0,0.63774,0
3,0,2,1,1,30.79030,65
3,0,2,1,2,0.76200,0
3,0,2,1,3,0.76594,0
3,0,2,1,4,31.48514,159
3,0,2,2,0,6.18676,21
3,0,2,2,1,22.23994,25
3,0,2,2,2,0.30824,0
3,0,2,2,3,6.11934,12
3,0,2,2,4,26.88790,953
3,0,2,3,0,5.79918,8
3,0,2,3,1,6.82145,16
3,0,2,3,2,5.62083,7
3,0,2,3,3,7.16743,5
3,0,2,3,4,17.17645,1221
3,0,3,0,0,0.26963,0
3,0,3,0,1,0.18293,0
3,0,3,0,2,0.43175,0
3,0,3,0,3,0.76508,0
3,0,3,0,4,1.16433,5
3,0,3,1,0,-37.90160,28
3,0,3,1,1,-39.05514,156
3,0,3,1,2,-34.10182,45
3,0,3,1,3,-38.65825,85
3,0,3,1,4,-37.62654,267
3,0,3,2,0,-32.95957,183
3,0,3,2,1,-38.25623,830
3,0,3,2,2,-11.43107,162
3,0,3,2,3,-38.50425,570
3,0,3,2,4,-5.55381,1216
3,0,3,3,0,-2.87910,238
3,0,3,3,1,0.26609,1198
3,0,3,3,2,-0.22985,297
3,0,3,3,3,45.07228,763
3,0,3,3,4,1.48194,1610
3,0,4,0,0,0.03800,0
3,0,4,0,1,0.46479,0
3,0,4,0,2,0.30697,0
3,0,4,0,3,0.19802,0
3,0,4,0,4,0.86863,0
3,0,4,1,0,-87.35072,70
3,0,4,1,1,-60.32555,792
3,0,4,1,2,-60.13227,80
3,0,4,1,3,-79.51525,96
3,0,4,1,4,-63.85367,582
3,0,4,2,0,-66.23851,92
3,0,4,2,1,-30.98376,3913
3,0,4,2,2,-13.54440,320
3,0,4,2,3,-99.31306,316
3,0,4,2,4,-49.03072,2054
3,0,4,3,0,-43.42447,177
3,0,4,3,1,-38.58494,6148
3,0,4,3,2,-42.95906,553
3,0,4,3,3,-37.80464,366
3,0,4,3,4,-37.32745,3664
3,1,0,0,0,0.28433,0
3,1,0,0,1,0.78128,0
3,1,0,0,2,0.56888,0
3,1,0,0,3,0.29828,0
3,1,0,0,4,0.57517,0
3,1,0,1,0,0.92357,0
3,1,0,1,1,55.14727,116
3,1,0,1,2,0.52278,0
3,1,0,1,3,0.26143,0
3,1,0,1,4,11.17954,4
3,1,0,2,0,20.32225,6
3,1,0,2,1,54.56186,1538
3,1,0,2,2,0.25095,0
3,1,0,2,3,7.86550,2
3,1,0,2,4,39.63921,7
3,1,0,3,0,44.67265,41
3,1,0,3,1,194.33297,3292
3,1,0,3,2,0.67061,0
3,1,0,3,3,50.05765,3
3,1,0,3,4,49.31686,101
3,1,1,0,0,-2.34674,9
3,1,1,0,1,-2.18397,6
3,1,1,0,2,-2.19810,20
3,1,1,0,3,-2.38921,6
3,1,1,0,4,-2.44316,22
3,1,1,1,0,25.53494,25
3,1,1,1,1,86.73418,2364
3,1,1,1,2,11.88970,689
3,1,1,1,3,6.96931,1254
3,1,1,1,4,57.08861,658
3,1,1,2,0,36.14208,148
3,1,1,2,1,51.73794,16145
3,1,1,2,2,6.19949,3442
3,1,1,2,3,43.45956,5557
3,1,1,2,4,57.42674,3551
3,1,1,3,0,81.43267,353
3,1,1,3,1,50.06017,25165
3,1,1,3,2,51.56567,5212
3,1,1,3,3,48.81686,7666
3,1,1,3,4,90.65755,5292
3,1,2,0,0,0.61114,0
3,1,2,0,1,0.66504,0
3,1,2,0,2,0.02362,0
3,1,2,0,3,0.85816,0
3,1,2,0,4,1.27887,8
3,1,2,1,0,38.15481,17
3,1,2,1,1,20.83615,40
3,1,2,1,2,3.08964,29
3,1,2,1,3,11.47735,253
3,1,2,1,4,52.36415,3039
3,1,2,2,0,16.38581,121
3,1,2,2,1,27.84055,262
3,1,2,2,2,30.10697,157
3,1,2,2,3,13.10543,1463
3,1,2,2,4,68.87843,29247
3,1,2,3,0,53.17397,200
3,1,2,3,1,25.31525,369
3,1,2,3,2,24.99761,198
3,1,2,3,3,59.23501,1909
3,1,2,3,4,10.25318,42658
3,1,3,0,0,-21.47411,9
3,1,3,0,1,-21.36326,67
3,1,3,0,2,0.24811,5
3,1,3,0,3,0.24967,6
3,1,3,0,4,1.27505,70
3,1,3,1,0,-75.73582,277
3,1,3,1,1,-75.51401,7716
3,1,3,1,2,-75.75001,334
3,1,3,1,3,-16.02984,526
3,1,3,1,4,-75.42932,1923
3,1,3,2,0,-62.62439,2318
3,1,3,2,1,18.98140,58614
3,1,3,2,2,18.85640,2394
3,1,3,2,3,18.74552,2866
3,1,3,2,4,18.73952,15661
3,1,3,3,0,9.62887,2431
3,1,3,3,1,-31.71443,70860
3,1,3,3,2,-31.81371,3797
3,1,3,3,3,-31.38461,3809
3,1,3,3,4,-23.31122,20711
3,1,4,0,0,-2.46655,6
3,1,4,0,1,-77.60803,116
3,1,4,0,2,-5.07334,68
3,1,4,0,3,-9.18230,14
3,1,4,0,4,-75.20961,170
3,1,4,1,0,-103.94098,747
3,1,4,1,1,-77.83553,17531
3,1,4,1,2,-77.57333,1158
3,1,4,1,3,-103.30799,933
3,1,4,1,4,-77.48173,6245
3,1,4,2,0,-29.87351,2329
3,1,4,2,1,-22.49039,140140
3,1,4,2,2,-17.98281,5589
3,1,4,2,3,-67.04795,3810
3,1,4,2,4,-22.74035,73554
3,1,4,3,0,-69.53462,3191
3,1,4,3,1,-36.02515,202716
3,1,4,3,2,-21.94660,7135
3,1,4,3,3,-40.88657,4325
3,1,4,3,4,-35.02515,95595
3,2,0,0,0,0.46627,0
3,2,0,0,1,0.79772,1
3,2,0,0,2,0.07750,0
3,2,0,0,3,0.47447,0
3,2,0,0,4,1.58433,2
3,2,0,1,0,0.43102,0
3,2,0,1,1,0.44618,0
3,2,0,1,2,0.17022,0
3,2,0,1,3,0.29607,3
3,2,0,1,4,0.28764,278
3,2,0,2,0,0.85144,0
3,2,0,2,1,1.83075,6
3,2,0,2,2,0.98165,1
3,2,0,2,3,2.48035,3
3,2,0,2,4,56.90356,1215
3,2,0,3,0,64.40762,1
3,2,0,3,1,1.54485,3
3,2,0,3,2,2.23985,11
3,2,0,3,3,14.42995,2
3,2,0,3,4,2.54485,2227
3,2,1,0,0,-0.24566,5
3,2,1,0,1,-0.19195,3
3,2,1,0,2,-0.30916,14
3,2,1,0,3,-0.38944,12
3,2,1,0,4,0.58930,70
3,2,1,1,0,1.44949,156
3,2,1,1,1,29.94949,91
3,2,1,1,2,4.94949,1150
3,2,1,1,3,0.24678,2088
3,2,1,1,4,29.68888,2411
3,2,1,2,0,54.01308,53
3,2,1,2,1,58.56684,242
3,2,1,2,2,37.98796,4862
3,2,1,2,3,50.96187,7880
3,2,1,2,4,58.31873,12046
3,2,1,3,0,28.88455,102
3,2,1,3,1,50.34683,480
3,2,1,3,2,49.75865,8493
3,2,1,3,3,45.24334,9487
3,2,1,3,4,84.00522,22421
3,2,2,0,0,17.25300,66
3,2,2,0,1,41.50909,58
3,2,2,0,2,-1.79033,34
3,2,2,0,3,-2.16204,40
3,2,2,0,4,41.70308,90
3,2,2,1,0,23.06553,1724
3,2,2,1,1,59.59268,6661
3,2,2,1,2,23.40517,278
3,2,2,1,3,14.55311,619
3,2,2,1,4,17.79857,1438
3,2,2,2,0,40.29602,8830
3,2,2,2,1,70.54985,37273
3,2,2,2,2,42.33732,840
3,2,2,2,3,57.32378,1568
3,2,2,2,4,68.20419,6787
3,2,2,3,0,-41.58852,11996
3,2,2,3,1,31.80536,55943
3,2,2,3,2,70.60321,1406
3,2,2,3,3,26.49679,2111
3,2,2,3,4,58.35368,8766
3,2,3,0,0,-36.58600,36
3,2,3,0,1,-23.48904,141
3,2,3,0,2,-36.58282,90
3,2,3,0,3,-36.56713,97
3,2,3,0,4,-23.13365,141
3,2,3,1,0,-87.56009,813
3,2,3,1,1,8.74226,10170
3,2,3,1,2,-87.63040,1909
3,2,3,1,3,-87.63168,1339
3,2,3,1,4,24.11678,4042
3,2,3,2,0,18.66686,2661
3,2,3,2,1,76.82569,53233
3,2,3,2,2,18.58532,7101
3,2,3,2,3,3.18376,4912
3,2,3,2,4,-30.85905,21511
3,2,3,3,0,-25.17633,3928
3,2,3,3,1,-15.66014,83513
3,2,3,3,2,19.42653,11109
3,2,3,3,3,-22.54032,9533
3,2,3,3,4,16.78963,38627
3,2,4,0,0,-37.49470,79
3,2,4,0,1,-23.54934,525
3,2,4,0,2,-44.92423,108
3,2,4,0,3,-21.68516,167
3,2,4,0,4,-22.74039,944
3,2,4,1,0,-140.12135,2045
3,2,4,1,1,-26.82534,33489
3,2,4,1,2,-140.11545,1945
3,2,4,1,3,-140.19517,1916
3,2,4,1,4,-50.07566,9710
3,2,4,2,0,-49.37417,5525
3,2,4,2,1,-27.13116,196006
3,2,4,2,2,-18.57957,4254
3,2,4,2,3,-136.29823,6932
3,2,4,2,4,-26.61995,70539
3,2,4,3,0,-78.43651,8833
3,2,4,3,1,-27.90843,320515
3,2,4,3,2,-11.01091,8068
3,2,4,3,3,-54.65156,12648
3,2,4,3,4,-32.12019,151464
3,3,0,0,0,-0.50149,22
3,3,0,0,1,-0.56901,7
3,3,0,0,2,-0.64699,9
3,3,0,0,3,-0.53776,258
3,3,0,0,4,29.57277,13
3,3,0,1,0,-0.18064,419
3,3,0,1,1,59.73299,198
3,3,0,1,2,29.95485,1
3,3,0,1,3,2.94990,387
3,3,0,1,4,61.88052,88
3,3,0,2,0,4.48538,185
3,3,0,2,1,140.17012,338
3,3,0,2,2,28.37730,1
3,3,0,2,3,64.52789,269
3,3,0,2,4,69.37396,182
3,3,0,3,0,2.57943,684
3,3,0,3,1,68.37396,526
3,3,0,3,2,2.57747,10
3,3,0,3,3,70.87396,378
3,3,0,3,4,115.56502,796
3,3,1,0,0,0.22746,5
3,3,1,0,1,74.25857,417
3,3,1,0,2,11.56777,240
3,3,1,0,3,0.45503,0
3,3,1,0,4,74.00857,334
3,3,1,1,0,26.45612,210
3,3,1,1,1,132.81277,6616
3,3,1,1,2,47.09300,2651
3,3,1,1,3,57.79520,37
3,3,1,1,4,58.31277,2471
3,3,1,2,0,57.93818,313
3,3,1,2,1,81.47183,13329
3,3,1,2,2,160.72557,3398
3,3,1,2,3,44.33445,189
3,3,1,2,4,60.56684,3808
3,3,1,3,0,45.31793,488
3,3,1,3,1,141.84683,22252
3,3,1,3,2,109.22767,7711
3,3,1,3,3,61.53362,138
3,3,1,3,4,51.87249,5036
3,3,2,0,0,2.62844,36
3,3,2,0,1,31.22353,126
3,3,2,0,2,17.31864,163
3,3,2,0,3,0.29625,108
3,3,2,0,4,36.64365,358
3,3,2,1,0,21.04587,641
3,3,2,1,1,50.07999,4771
3,3,2,1,2,19.30672,863
3,3,2,1,3,19.39314,2083
3,3,2,1,4,49.95353,3447
3,3,2,2,0,62.24277,698
3,3,2,2,1,40.07955,8282
3,3,2,2,2,36.86858,2083
3,3,2,2,3,35.13607,2583
3,3,2,2,4,52.90633,6233
3,3,2,3,0,52.22371,1555
3,3,2,3,1,62.50138,18785
3,3,2,3,2,87.88631,5140
3,3,2,3,3,28.40670,6862
3,3,2,3,4,67.48749,24862
3,3,3,0,0,-8.03110,88
3,3,3,0,1,44.39804,246
3,3,3,0,2,-11.88623,100
3,3,3,0,3,-8.36465,381
3,3,3,0,4,4.37503,352
3,3,3,1,0,-72.02587,629
3,3,3,1,1,19.37909,5389
3,3,3,1,2,-5.33250,883
3,3,3,1,3,-69.23978,1568
3,3,3,1,4,10.21862,2548
3,3,3,2,0,-2.15226,765
3,3,3,2,1,73.24146,11295
3,3,3,2,2,14.52022,1130
3,3,3,2,3,-63.78143,2248
3,3,3,2,4,12.38951,4030
3,3,3,3,0,-3.99185,2104
3,3,3,3,1,9.63846,24167
3,3,3,3,2,37.32672,3708
3,3,3,3,3,49.61431,7645
3,3,3,3,4,53.52912,13101
3,3,4,0,0,-106.54942,147
3,3,4,0,1,-48.04512,353
3,3,4,0,2,-49.55023,244
3,3,4,0,3,-45.57111,380
3,3,4,0,4,-35.68414,946
3,3,4,1,0,-130.89694,1388
3,3,4,1,1,-35.19839,15475
3,3,4,1,2,-130.88867,1585
3,3,4,1,3,-130.86712,1359
3,3,4,1,4,-130.88803,5385
3,3,4,2,0,12.43412,1606
3,3,4,2,1,-24.91937,30687
3,3,4,2,2,-121.16606,1961
3,3,4,2,3,-128.40979,2270
3,3,4,2,4,10.92237,10820
3,3,4,3,0,-48.24211,4659
3,3,4,3,1,-41.06888,66369
3,3,4,3,2,-2.29113,7161
3,3,4,3,3,84.70746,8664
3,3,4,3,4,-5.25488,44129
4,0,0,0,0,0.58862,0
4,0,0,0,1,0.66804,0
4,0,0,0,2,0.92683,0
4,0,0,0,3,0.00090,0
4,0,0,0,4,0.09764,0
4,0,0,1,0,0.30395,0
4,0,0,1,1,0.67064,0
4,0,0,1,2,0.56915,0
4,0,0,1,3,0.74554,0
4,0,0,1,4,0.25708,0
4,0,0,2,0,0.63637,0
4,0,0,2,1,0.74911,0
4,0,0,2,2,0.95579,1
4,0,0,2,3,0.04640,0
4,0,0,2,4,0.26031,0
4,0,0,3,0,0.24601,0
4,0,0,3,1,0.29484,0
4,0,0,3,2,6.47565,8
4,0,0,3,3,0.13827,0
4,0,0,3,4,0.35859,0
4,0,1,0,0,0.99756,0
4,0,1,0,1,0.53397,0
4,0,1,0,2,0.44337,0
4,0,1,0,3,0.10424,0
4,0,1,0,4,0.10399,0
4,0,1,1,0,1.72888,90
4,0,1,1,1,0.69141,0
4,0,1,1,2,0.53902,2
4,0,1,1,3,-0.51581,2
4,0,1,1,4,1.06641,84
4,0,1,2,0,27.65303,58
4,0,1,2,1,3.11820,6
4,0,1,2,2,1.09742,5
4,0,1,2,3,0.75821,0
4,0,1,2,4,4.74504,16
4,0,1,3,0,2.48327,366
4,0,1,3,1,1.48327,10
4,0,1,3,2,1.22847,8
4,0,1,3,3,0.95112,0
4,0,1,3,4,27.32645,188
4,0,2,0,0,0.12335,0
4,0,2,0,1,0.95810,0
4,0,2,0,2,0.84911,0
4,0,2,0,3,0.82917,0
4,0,2,0,4,0.90527,0
4,0,2,1,0,-0.60361,5
4,0,2,1,1,33.93874,148
4,0,2,1,2,5.66255,1
4,0,2,1,3,5.36282,5
4,0,2,1,4,4.28276,26
4,0,2,2,0,24.59664,13
4,0,2,2,1,47.82528,621
4,0,2,2,2,36.60291,17
4,0,2,2,3,9.63500,3
4,0,2,2,4,54.07890,187
4,0,2,3,0,25.36861,22
4,0,2,3,1,83.62480,1136
4,0,2,3,2,18.77396,14
4,0,2,3,3,41.49936,26
4,0,2,3,4,60.75036,389
4,0,3,0,0,0.91262,0
4,0,3,0,1,0.88731,0
4,0,3,0,2,0.18240,0
4,0,3,0,3,0.77674,0
4,0,3,0,4,0.57029,0
4,0,3,1,0,-0.83408,686
4,0,3,1,1,-20.88945,227
4,0,3,1,2,-35.64742,33
4,0,3,1,3,-35.75752,21
4,0,3,1,4,-19.46239,184
4,0,3,2,0,44.26528,3421
4,0,3,2,1,26.66659,1178
4,0,3,2,2,-11.25237,229
4,0,3,2,3,-14.58539,252
4,0,3,2,4,26.66058,806
4,0,3,3,0,61.77845,4690
4,0,3,3,1,72.64004,1471
4,0,3,3,2,-54.06578,327
4,0,3,3,3,35.07300,211
4,0,3,3,4,73.01225,1262
4,0,4,0,0,0.65736,0
4,0,4,0,1,0.68995,0
4,0,4,0,2,0.67849,0
4,0,4,0,3,0.41380,0
4,0,4,0,4,0.30441,0
4,0,4,1,0,-147.91964,369
4,0,4,1,1,-79.71230,1754
4,0,4,1,2,-147.95169,229
4,0,4,1,3,-147.78084,239
4,0,4,1,4,-147.98731,1625
4,0,4,2,0,-30.51722,1888
4,0,4,2,1,-54.48975,9758
4,0,4,2,2,-21.05111,1503
4,0,4,2,3,-7.05461,1107
4,0,4,2,4,-16.39257,7482
4,0,4,3,0,-44.21143,2459
4,0,4,3,1,-51.97986,14882
4,0,4,3,2,-54.35672,2336
4,0,4,3,3,-36.66698,1142
4,0,4,3,4,-52.45627,11134
4,1,0,0,0,0.88824,0
4,1,0,0,1,0.21875,0
4,1,0,0,2,0.20393,0
4,1,0,0,3,0.22336,0
4,1,0,0,4,0.02089,0
4,1,0,1,0,15.61465,353
4,1,0,1,1,0.52118,0
4,1,0,1,2,1.45734,4
4,1,0,1,3,1.38398,3
4,1,0,1,4,1.32448,9
4,1,0,2,0,5.31129,1312
4,1,0,2,1,1.46559,1
4,1,0,2,2,2.22707,13
4,1,0,2,3,2.21592,3
4,1,0,2,4,2.46559,210
4,1,0,3,0,31.72720,2706
4,1,0,3,1,11.57780,23
4,1,0,3,2,12.50188,154
4,1,0,3,3,4.81649,6
4,1,0,3,4,12.43880,194
4,1,1,0,0,0.96574,0
4,1,1,0,1,0.77664,0
4,1,1,0,2,0.22890,0
4,1,1,0,3,0.30748,0
4,1,1,0,4,1.55820,3
4,1,1,1,0,1.55165,134
4,1,1,1,1,0.76652,14
4,1,1,1,2,1.09550,11
4,1,1,1,3,0.44413,1
4,1,1,1,4,1.76652,2321
4,1,1,2,0,13.78069,982
4,1,1,2,1,25.38202,107
4,1,1,2,2,40.11975,41
4,1,1,2,3,24.17893,17
4,1,1,2,4,59.06205,21283
4,1,1,3,0,57.99618,774
4,1,1,3,1,57.78579,116
4,1,1,3,2,58.48119,35
4,1,1,3,3,52.68279,89
4,1,1,3,4,87.67645,29172
4,1,2,0,0,0.19222,0
4,1,2,0,1,0.03147,0
4,1,2,0,2,0.41268,0
4,1,2,0,3,0.24500,0
4,1,2,0,4,0.94826,1
4,1,2,1,0,0.60747,15
4,1,2,1,1,1.96238,6
4,1,2,1,2,-46.20725,10
4,1,2,1,3,0.70933,5
4,1,2,1,4,11.48937,1989
4,1,2,2,0,35.16998,77
4,1,2,2,1,44.97198,108
4,1,2,2,2,7.13390,52
4,1,2,2,3,6.69769,59
4,1,2,2,4,86.55979,25729
4,1,2,3,0,59.02814,204
4,1,2,3,1,85.76424,256
4,1,2,3,2,81.94767,96
4,1,2,3,3,57.66055,70
4,1,2,3,4,60.42875,36908
4,1,3,0,0,-54.67540,12
4,1,3,0,1,39.02000,67
4,1,3,0,2,-42.58323,30
4,1,3,0,3,-33.41989,36
4,1,3,0,4,-17.39880,120
4,1,3,1,0,-33.24077,1213
4,1,3,1,1,-9.39587,8580
4,1,3,1,2,-76.43249,806
4,1,3,1,3,-72.71272,2134
4,1,3,1,4,47.58248,2208
4,1,3,2,0,38.00290,13295
4,1,3,2,1,57.22719,68815
4,1,3,2,2,-10.38271,5812
4,1,3,2,3,-69.69782,11811
4,1,3,2,4,35.05927,29584
4,1,3,3,0,57.01264,21962
4,1,3,3,1,47.72447,93619
4,1,3,3,2,-42.82918,9275
4,1,3,3,3,-59.43289,15935
4,1,3,3,4,46.15523,40123
4,1,4,0,0,-106.68052,40
4,1,4,0,1,-53.72262,282
4,1,4,0,2,-7.95033,45
4,1,4,0,3,-72.88089,521
4,1,4,0,4,-16.74616,352
4,1,4,1,0,-75.87698,3421
4,1,4,1,1,-79.81575,56876
4,1,4,1,2,-141.61905,3324
4,1,4,1,3,-162.52745,2588
4,1,4,1,4,-130.75773,17073
4,1,4,2,0,-40.45574,23905
4,1,4,2,1,-51.38542,428346
4,1,4,2,2,-17.27440,17704
4,1,4,2,3,-145.87373,16211
4,1,4,2,4,-69.33990,223271
4,1,4,3,0,-53.80906,34856
4,1,4,3,1,-52.75325,601101
4,1,4,3,2,-56.83094,25871
4,1,4,3,3,-44.00822,18748
4,1,4,3,4,-43.91484,321269
4,2,0,0,0,0.61341,0
4,2,0,0,1,0.51223,0
4,2,0,0,2,0.61662,0
4,2,0,0,3,0.17476,0
4,2,0,0,4,0.21399,0
4,2,0,1,0,2.80695,6
4,2,0,1,1,1.84026,6
4,2,0,1,2,3.84026,869
4,2,0,1,3,0.90390,0
4,2,0,1,4,2.80370,6
4,2,0,2,0,6.68063,105
4,2,0,2,1,5.68292,10
4,2,0,2,2,8.32098,2556
4,2,0,2,3,5.44545,13
4,2,0,2,4,6.68292,213
4,2,0,3,0,38.70332,51
4,2,0,3,1,38.64510,79
4,2,0,3,2,37.98695,3074
4,2,0,3,3,5.42810,22
4,2,0,3,4,38.55135,92
4,2,1,0,0,0.15376,0
4,2,1,0,1,0.11336,4
4,2,1,0,2,10.50785,91
4,2,1,0,3,0.37292,6
4,2,1,0,4,0.36825,73
4,2,1,1,0,40.66173,14
4,2,1,1,1,11.42696,71
4,2,1,1,2,11.20607,1146
4,2,1,1,3,39.77876,12
4,2,1,1,4,11.42696,1533
4,2,1,2,0,28.32261,72
4,2,1,2,1,78.63773,294
4,2,1,2,2,33.03860,7074
4,2,1,2,3,31.76884,59
4,2,1,2,4,78.41891,13149
4,2,1,3,0,64.93106,180
4,2,1,3,1,51.06978,236
4,2,1,3,2,88.98523,8337
4,2,1,3,3,69.63144,63
4,2,1,3,4,51.99117,16580
4,2,2,0,0,-0.16303,85
4,2,2,0,1,69.32634,43
4,2,2,0,2,-0.18155,3
4,2,2,0,3,-0.21255,5
4,2,2,0,4,1.36326,35
4,2,2,1,0,17.37317,3007
4,2,2,1,1,52.03867,3631
4,2,2,1,2,52.40218,111
4,2,2,1,3,2.20767,79
4,2,2,1,4,107.99766,2176
4,2,2,2,0,52.29067,16194
4,2,2,2,1,77.14672,29139
4,2,2,2,2,41.24314,388
4,2,2,2,3,15.18624,513
4,2,2,2,4,73.98338,11490
4,2,2,3,0,53.01177,26460
4,2,2,3,1,93.90547,38025
4,2,2,3,2,63.84236,545
4,2,2,3,3,70.18439,450
4,2,2,3,4,65.76675,17869
4,2,3,0,0,-77.16972,6
4,2,3,0,1,-27.62454,192
4,2,3,0,2,-69.28087,17
4,2,3,0,3,-27.22074,140
4,2,3,0,4,-9.64856,209
4,2,3,1,0,-78.59153,600
4,2,3,1,1,49.61880,10283
4,2,3,1,2,-77.14030,1017
4,2,3,1,3,-77.16710,2527
4,2,3,1,4,51.79479,5149
4,2,3,2,0,-0.94827,3480
4,2,3,2,1,52.31095,48020
4,2,3,2,2,43.48518,4388
4,2,3,2,3,-38.34102,8970
4,2,3,2,4,52.06200,37205
4,2,3,3,0,22.92409,6207
4,2,3,3,1,60.92355,73272
4,2,3,3,2,19.81909,7347
4,2,3,3,3,20.84184,13374
4,2,3,3,4,61.92310,69399
4,2,4,0,0,-97.48678,182
4,2,4,0,1,-70.87478,1125
4,2,4,0,2,-117.54967,369
4,2,4,0,3,-125.69482,892
4,2,4,0,4,-73.92234,1414
4,2,4,1,0,-164.85615,7064
4,2,4,1,1,-53.75789,164535
4,2,4,1,2,-147.63194,7346
4,2,4,1,3,-164.83273,5730
4,2,4,1,4,-147.66336,33454
4,2,4,2,0,-52.01291,152751
4,2,4,2,1,-51.89087,1026325
4,2,4,2,2,-124.23746,22473
4,2,4,2,3,-92.91861,28150
4,2,4,2,4,-70.01251,222032
4,2,4,3,0,-53.17644,42414
4,2,4,3,1,-52.65898,1372287
4,2,4,3,2,-55.80360,46268
4,2,4,3,3,-51.02518,39123
4,2,4,3,4,-55.80342,445294
4,3,0,0,0,7.68645,125
4,3,0,0,1,-0.49150,5
4,3,0,0,2,-0.65716,25
4,3,0,0,3,-0.64713,6
4,3,0,0,4,-0.73172,16
4,3,0,1,0,33.91765,1538
4,3,0,1,1,6.10155,9
4,3,0,1,2,5.77442,528
4,3,0,1,3,5.03750,20
4,3,0,1,4,7.05832,30
4,3,0,2,0,7.32025,1447
4,3,0,2,1,7.85712,68
4,3,0,2,2,9.10712,1275
4,3,0,2,3,8.64010,150
4,3,0,2,4,8.85706,185
4,3,0,3,0,37.41308,1970
4,3,0,3,1,7.11090,11
4,3,0,3,2,6.92624,1849
4,3,0,3,3,7.33106,57
4,3,0,3,4,8.11090,192
4,3,1,0,0,2.13140,237
4,3,1,0,1,2.70187,198
4,3,1,0,2,1.72988,71
4,3,1,0,3,2.23750,135
4,3,1,0,4,12.98025,591
4,3,1,1,0,20.09799,3005
4,3,1,1,1,103.17632,7316
4,3,1,1,2,59.37128,328
4,3,1,1,3,2.69770,1974
4,3,1,1,4,102.92632,3248
4,3,1,2,0,49.19598,5284
4,3,1,2,1,52.37052,10491
4,3,1,2,2,74.85384,292
4,3,1,2,3,8.19708,4796
4,3,1,2,4,53.06733,6967
4,3,1,3,0,57.19991,8819
4,3,1,3,1,146.12562,20395
4,3,1,3,2,47.08948,717
4,3,1,3,3,53.72698,7118
4,3,1,3,4,52.97321,17200
4,3,2,0,0,2.87451,294
4,3,2,0,1,51.04892,132
4,3,2,0,2,2.73609,157
4,3,2,0,3,1.45529,3
4,3,2,0,4,52.77489,252
4,3,2,1,0,50.28543,5923
4,3,2,1,1,46.23364,2031
4,3,2,1,2,16.17845,2803
4,3,2,1,3,47.77283,94
4,3,2,1,4,48.98467,2827
4,3,2,2,0,51.49044,10394
4,3,2,2,1,68.05583,5360
4,3,2,2,2,76.37906,7041
4,3,2,2,3,44.65785,171
4,3,2,2,4,61.13490,6673
4,3,2,3,0,20.05967,19635
4,3,2,3,1,73.53330,10179
4,3,2,3,2,106.88653,13215
4,3,2,3,3,42.48382,493
4,3,2,3,4,73.28330,18439
4,3,3,0,0,-56.31257,205
4,3,3,0,1,20.97664,257
4,3,3,0,2,-42.00858,123
4,3,3,0,3,-55.74221,222
4,3,3,0,4,49.13222,537
4,3,3,1,0,-54.23477,1545
4,3,3,1,1,49.32010,5573
4,3,3,1,2,-54.35067,821
4,3,3,1,3,-58.58581,2088
4,3,3,1,4,37.72295,3613
4,3,3,2,0,-31.95838,2700
4,3,3,2,1,21.44451,11172
4,3,3,2,2,55.60808,1276
4,3,3,2,3,-13.01592,4101
4,3,3,2,4,57.72669,10457
4,3,3,3,0,-22.27688,5494
4,3,3,3,1,47.60578,21230
4,3,3,3,2,45.97641,2905
4,3,3,3,3,-2.61796,9655
4,3,3,3,4,71.66283,26497
4,3,4,0,0,-142.78969,394
4,3,4,0,1,-69.89988,1569
4,3,4,0,2,-144.49059,556
4,3,4,0,3,-52.02108,1652
4,3,4,0,4,-78.39892,1464
4,3,4,1,0,-164.10693,6229
4,3,4,1,1,-50.97307,163828
4,3,4,1,2,-145.27101,6298
4,3,4,1,3,-162.16042,5697
4,3,4,1,4,-145.41366,22613
4,3,4,2,0,-91.95574,7838
4,3,4,2,1,-45.29491,275069
4,3,4,2,2,-95.64135,9404
4,3,4,2,3,-110.94454,13614
4,3,4,2,4,-61.32748,49152
4,3,4,3,0,-99.32016,24377
4,3,4,3,1,-56.28341,546240
4,3,4,3,2,-57.41805,27042
4,3,4,3,3,-105.90143,28501
4,3,4,3,4,-55.87761,144355
