3125
5
0,0,0,0,0,0.52148,0
0,0,0,0,1,0.31586,0
0,0,0,0,2,0.01807,0
0,0,0,0,3,0.59250,0
0,0,0,0,4,0.33561,0
0,0,0,1,0,0.39765,0
0,0,0,1,1,0.55232,0
0,0,0,1,2,0.59824,0
0,0,0,1,3,0.40651,0
0,0,0,1,4,0.68444,0
0,0,0,2,0,0.24796,0
0,0,0,2,1,0.17650,0
0,0,0,2,2,0.22845,0
0,0,0,2,3,0.71818,0
0,0,0,2,4,0.58207,0
0,0,0,3,0,0.63658,0
0,0,0,3,1,0.66918,0
0,0,0,3,2,0.21080,0
0,0,0,3,3,0.33958,0
0,0,0,3,4,0.66936,0
0,0,0,4,0,0.53359,0
0,0,0,4,1,0.92870,0
0,0,0,4,2,0.82313,0
0,0,0,4,3,0.33106,0
0,0,0,4,4,0.50189,0
0,0,1,0,0,0.57213,0
0,0,1,0,1,0.58516,0
0,0,1,0,2,0.69663,0
0,0,1,0,3,0.65980,0
0,0,1,0,4,0.44636,0
0,0,1,1,0,0.43541,0
0,0,1,1,1,0.01374,10
0,0,1,1,2,-1.34585,85
0,0,1,1,3,-1.41480,12
0,0,1,1,4,-1.37151,13
0,0,1,2,0,-0.75011,10
0,0,1,2,1,-1.15096,19
0,0,1,2,2,-1.14156,274
0,0,1,2,3,-0.34741,13
0,0,1,2,4,-1.24803,34
0,0,1,3,0,0.15440,17
0,0,1,3,1,-1.11934,37
0,0,1,3,2,-0.76965,418
0,0,1,3,3,0.11563,19
0,0,1,3,4,-1.26555,80
0,0,1,4,0,0.10781,0
0,0,1,4,1,-0.71332,26
0,0,1,4,2,-0.78224,191
0,0,1,4,3,0.20139,0
0,0,1,4,4,-1.10183,14
0,0,2,0,0,0.02071,0
0,0,2,0,1,0.46545,0
0,0,2,0,2,0.88556,0
0,0,2,0,3,0.30092,0
0,0,2,0,4,0.37850,0
0,0,2,1,0,0.02583,0
0,0,2,1,1,-1.22544,8
0,0,2,1,2,-1.05237,108
0,0,2,1,3,-0.34926,2
0,0,2,1,4,0.12279,1
0,0,2,2,0,-0.89322,7
0,0,2,2,1,-1.44749,10
0,0,2,2,2,-1.36935,137
0,0,2,2,3,-0.59524,9
0,0,2,2,4,-0.92686,3
0,0,2,3,0,-0.19017,4
0,0,2,3,1,-1.08863,34
0,0,2,3,2,-0.99316,226
0,0,2,3,3,-1.24440,11
0,0,2,3,4,-1.14551,2
0,0,2,4,0,0.52700,0
0,0,2,4,1,-1.22022,7
0,0,2,4,2,-0.74501,91
0,0,2,4,3,-0.43367,1
0,0,2,4,4,-0.50703,6
0,0,3,0,0,0.29974,0
0,0,3,0,1,0.81520,0
0,0,3,0,2,0.16696,0
0,0,3,0,3,0.55700,0
0,0,3,0,4,0.04388,0
0,0,3,1,0,0.00511,0
0,0,3,1,1,-0.28040,22
0,0,3,1,2,0.40383,6
0,0,3,1,3,0.45844,0
0,0,3,1,4,0.24679,0
0,0,3,2,0,-0.33716,7
0,0,3,2,1,-1.11390,91
0,0,3,2,2,-0.89988,32
0,0,3,2,3,0.76483,13
0,0,3,2,4,-0.29927,6
0,0,3,3,0,0.51772,3
0,0,3,3,1,0.24448,79
0,0,3,3,2,0.61260,12
0,0,3,3,3,0.07983,23
0,0,3,3,4,0.24220,2
0,0,3,4,0,0.58904,10
0,0,3,4,1,-0.99091,20
0,0,3,4,2,-0.97740,11
0,0,3,4,3,1.58598,5
0,0,3,4,4,0.96789,0
0,0,4,0,0,0.17852,0
0,0,4,0,1,0.08886,0
0,0,4,0,2,-0.40125,3
0,0,4,0,3,0.21877,0
0,0,4,0,4,0.61510,0
0,0,4,1,0,-0.89280,5
0,0,4,1,1,-1.06254,10
0,0,4,1,2,-1.14050,7
0,0,4,1,3,-1.00999,6
0,0,4,1,4,-1.02027,16
0,0,4,2,0,-0.65118,15
0,0,4,2,1,-0.21202,10
0,0,4,2,2,-0.73525,12
0,0,4,2,3,-0.60001,13
0,0,4,2,4,-1.03731,66
0,0,4,3,0,-0.45616,8
0,0,4,3,1,-0.50102,9
0,0,4,3,2,-0.90805,11
0,0,4,3,3,-0.41077,15
0,0,4,3,4,-1.05607,54
0,0,4,4,0,0.01356,6
0,0,4,4,1,0.17757,3
0,0,4,4,2,0.59895,0
0,0,4,4,3,0.01456,5
0,0,4,4,4,-0.00405,21
0,1,0,0,0,0.17163,0
0,1,0,0,1,0.20229,0
0,1,0,0,2,0.05785,0
0,1,0,0,3,0.57590,0
0,1,0,0,4,0.51141,0
0,1,0,1,0,0.93285,0
0,1,0,1,1,0.44386,0
0,1,0,1,2,0.03535,0
0,1,0,1,3,0.12848,2
0,1,0,1,4,0.70014,0
0,1,0,2,0,0.57432,0
0,1,0,2,1,0.55370,0
0,1,0,2,2,0.55398,0
0,1,0,2,3,-1.12500,141
0,1,0,2,4,0.51533,0
0,1,0,3,0,-0.09375,1
0,1,0,3,1,0.46888,0
0,1,0,3,2,0.76409,0
0,1,0,3,3,-1.12631,311
0,1,0,3,4,0.28068,0
0,1,0,4,0,0.38362,0
0,1,0,4,1,0.72061,0
0,1,0,4,2,0.75884,0
0,1,0,4,3,-1.21002,105
0,1,0,4,4,0.92600,0
0,1,1,0,0,-0.16132,4
0,1,1,0,1,-0.59564,7
0,1,1,0,2,-0.36150,4
0,1,1,0,3,-0.15257,10
0,1,1,0,4,-0.30541,3
0,1,1,1,0,-0.99956,3
0,1,1,1,1,0.25637,39
0,1,1,1,2,-0.99757,13
0,1,1,1,3,-1.13887,440
0,1,1,1,4,-0.88675,12
0,1,1,2,0,0.53649,43
0,1,1,2,1,-0.84933,214
0,1,1,2,2,-0.91601,55
0,1,1,2,3,-1.06236,1267
0,1,1,2,4,-0.67257,13
0,1,1,3,0,0.38920,33
0,1,1,3,1,-0.18780,310
0,1,1,3,2,-0.66994,74
0,1,1,3,3,-0.87826,949
0,1,1,3,4,-0.38494,26
0,1,1,4,0,0.69756,14
0,1,1,4,1,-0.02149,71
0,1,1,4,2,-0.30341,13
0,1,1,4,3,-0.60271,397
0,1,1,4,4,1.45576,12
0,1,2,0,0,0.99310,0
0,1,2,0,1,0.25878,0
0,1,2,0,2,0.58870,0
0,1,2,0,3,0.01279,0
0,1,2,0,4,0.34460,0
0,1,2,1,0,-0.26612,311
0,1,2,1,1,1.29711,5
0,1,2,1,2,0.15055,26
0,1,2,1,3,-0.13855,91
0,1,2,1,4,0.99167,16
0,1,2,2,0,-1.12475,1022
0,1,2,2,1,-1.12275,75
0,1,2,2,2,-0.99447,32
0,1,2,2,3,-0.98639,294
0,1,2,2,4,-0.99497,48
0,1,2,3,0,0.68099,1291
0,1,2,3,1,-0.60078,39
0,1,2,3,2,1.10559,85
0,1,2,3,3,-1.01897,308
0,1,2,3,4,-0.88026,59
0,1,2,4,0,-1.18775,485
0,1,2,4,1,-1.20212,23
0,1,2,4,2,-1.00787,42
0,1,2,4,3,-1.00737,70
0,1,2,4,4,-1.00589,22
0,1,3,0,0,0.64074,0
0,1,3,0,1,0.10856,0
0,1,3,0,2,0.57430,0
0,1,3,0,3,0.68028,0
0,1,3,0,4,0.53988,0
0,1,3,1,0,-1.19123,53
0,1,3,1,1,-1.07144,38
0,1,3,1,2,-1.14341,35
0,1,3,1,3,-1.23279,117
0,1,3,1,4,-1.18489,30
0,1,3,2,0,-0.33539,15
0,1,3,2,1,-0.72341,114
0,1,3,2,2,-0.54969,24
0,1,3,2,3,-0.78730,335
0,1,3,2,4,0.35757,27
0,1,3,3,0,1.42194,49
0,1,3,3,1,0.08186,162
0,1,3,3,2,-0.37129,34
0,1,3,3,3,-0.65807,337
0,1,3,3,4,2.46217,50
0,1,3,4,0,0.10793,39
0,1,3,4,1,-1.06254,69
0,1,3,4,2,-1.04183,21
0,1,3,4,3,-1.15638,176
0,1,3,4,4,-0.34783,16
0,1,4,0,0,0.21779,0
0,1,4,0,1,0.11916,9
0,1,4,0,2,0.74114,0
0,1,4,0,3,0.66023,0
0,1,4,0,4,0.01206,0
0,1,4,1,0,-1.27907,80
0,1,4,1,1,-1.36970,38
0,1,4,1,2,-1.33237,66
0,1,4,1,3,-1.37340,63
0,1,4,1,4,-1.34045,36
0,1,4,2,0,-0.19015,158
0,1,4,2,1,-1.30704,91
0,1,4,2,2,-1.42023,119
0,1,4,2,3,-1.36958,153
0,1,4,2,4,-0.73941,193
0,1,4,3,0,-0.48569,173
0,1,4,3,1,-1.12200,178
0,1,4,3,2,-1.30112,108
0,1,4,3,3,-1.35671,190
0,1,4,3,4,-1.09612,180
0,1,4,4,0,-0.51866,67
0,1,4,4,1,-1.44083,33
0,1,4,4,2,-1.32242,26
0,1,4,4,3,-1.36557,45
0,1,4,4,4,-1.11015,48
0,2,0,0,0,0.64611,0
0,2,0,0,1,0.45443,0
0,2,0,0,2,0.50991,0
0,2,0,0,3,0.79125,0
0,2,0,0,4,0.81521,0
0,2,0,1,0,2.31898,4
0,2,0,1,1,3.83662,28
0,2,0,1,2,3.71897,11
0,2,0,1,3,3.99939,112
0,2,0,1,4,-0.55249,543
0,2,0,2,0,-0.99803,83
0,2,0,2,1,-0.99758,111
0,2,0,2,2,-0.99845,87
0,2,0,2,3,-0.65398,351
0,2,0,2,4,0.50952,2715
0,2,0,3,0,3.48698,62
0,2,0,3,1,2.67967,96
0,2,0,3,2,-0.95573,59
0,2,0,3,3,-0.55404,325
0,2,0,3,4,0.58447,4359
0,2,0,4,0,0.27228,0
0,2,0,4,1,1.22893,7
0,2,0,4,2,0.17948,0
0,2,0,4,3,-0.86412,93
0,2,0,4,4,0.35191,713
0,2,1,0,0,0.37738,4
0,2,1,0,1,0.44479,8
0,2,1,0,2,0.19498,3
0,2,1,0,3,-0.20799,5
0,2,1,0,4,0.01032,6
0,2,1,1,0,-0.79136,25
0,2,1,1,1,-0.99054,398
0,2,1,1,2,-0.73739,15
0,2,1,1,3,-0.80108,34
0,2,1,1,4,-0.99127,141
0,2,1,2,0,-0.96936,70
0,2,1,2,1,-1.09455,863
0,2,1,2,2,-0.95940,29
0,2,1,2,3,-0.96955,226
0,2,1,2,4,-0.99299,579
0,2,1,3,0,2.36497,204
0,2,1,3,1,2.23711,1123
0,2,1,3,2,3.48672,149
0,2,1,3,3,2.36504,163
0,2,1,3,4,2.99102,937
0,2,1,4,0,-0.20608,97
0,2,1,4,1,0.87078,715
0,2,1,4,2,1.71834,49
0,2,1,4,3,1.03875,78
0,2,1,4,4,0.99880,349
0,2,2,0,0,-0.88918,12
0,2,2,0,1,-0.88912,8
0,2,2,0,2,-1.05158,12
0,2,2,0,3,-0.99437,13
0,2,2,0,4,-0.86725,7
0,2,2,1,0,-1.02571,60
0,2,2,1,1,-1.27394,47
0,2,2,1,2,-1.19794,544
0,2,2,1,3,1.28611,56
0,2,2,1,4,-0.73179,15
0,2,2,2,0,-1.18216,135
0,2,2,2,1,-1.18848,132
0,2,2,2,2,-1.08439,1107
0,2,2,2,3,-1.20873,126
0,2,2,2,4,-1.25066,64
0,2,2,3,0,-1.14871,134
0,2,2,3,1,-1.23140,68
0,2,2,3,2,-1.14089,938
0,2,2,3,3,-1.28325,148
0,2,2,3,4,-0.51338,37
0,2,2,4,0,-1.10878,109
0,2,2,4,1,-1.32334,104
0,2,2,4,2,-1.26567,640
0,2,2,4,3,-0.02232,48
0,2,2,4,4,0.08074,22
0,2,3,0,0,0.31231,16
0,2,3,0,1,-0.12662,2
0,2,3,0,2,0.08309,0
0,2,3,0,3,-0.37518,19
0,2,3,0,4,-0.28777,5
0,2,3,1,0,-1.15169,163
0,2,3,1,1,-1.08464,72
0,2,3,1,2,-1.10035,20
0,2,3,1,3,-0.97512,78
0,2,3,1,4,-1.11995,25
0,2,3,2,0,-1.13527,323
0,2,3,2,1,-0.00591,261
0,2,3,2,2,-1.01109,81
0,2,3,2,3,-1.13918,174
0,2,3,2,4,-0.15320,146
0,2,3,3,0,-0.56392,290
0,2,3,3,1,-0.89452,318
0,2,3,3,2,-1.06163,75
0,2,3,3,3,-1.17147,169
0,2,3,3,4,-0.52703,128
0,2,3,4,0,0.05226,339
0,2,3,4,1,-0.62844,77
0,2,3,4,2,-1.11363,15
0,2,3,4,3,-0.17907,101
0,2,3,4,4,-0.77226,34
0,2,4,0,0,0.50234,24
0,2,4,0,1,0.36171,26
0,2,4,0,2,0.98229,0
0,2,4,0,3,0.29795,4
0,2,4,0,4,0.55053,0
0,2,4,1,0,-1.06465,121
0,2,4,1,1,-1.21741,93
0,2,4,1,2,-1.03988,113
0,2,4,1,3,-1.09169,125
0,2,4,1,4,-1.20217,75
0,2,4,2,0,-0.88871,137
0,2,4,2,1,-1.16290,190
0,2,4,2,2,-1.26808,179
0,2,4,2,3,-1.03509,254
0,2,4,2,4,0.10404,93
0,2,4,3,0,-1.07558,240
0,2,4,3,1,-1.18861,242
0,2,4,3,2,-1.32492,213
0,2,4,3,3,-1.19657,240
0,2,4,3,4,-1.09881,100
0,2,4,4,0,1.99510,103
0,2,4,4,1,-0.25847,124
0,2,4,4,2,0.23870,101
0,2,4,4,3,-0.27410,93
0,2,4,4,4,-0.09117,57
0,3,0,0,0,0.84871,0
0,3,0,0,1,0.46852,0
0,3,0,0,2,0.89087,0
0,3,0,0,3,0.52327,0
0,3,0,0,4,0.17884,0
0,3,0,1,0,4.00000,44
0,3,0,1,1,3.99999,34
0,3,0,1,2,0.82829,667
0,3,0,1,3,-0.22895,158
0,3,0,1,4,3.99998,40
0,3,0,2,0,3.96220,33
0,3,0,2,1,3.86337,21
0,3,0,2,2,-1.08999,1012
0,3,0,2,3,-0.95332,140
0,3,0,2,4,3.86358,116
0,3,0,3,0,0.21812,7
0,3,0,3,1,3.66261,46
0,3,0,3,2,2.62446,1153
0,3,0,3,3,3.99928,177
0,3,0,3,4,3.64837,37
0,3,0,4,0,0.35714,101
0,3,0,4,1,-0.30021,8
0,3,0,4,2,-0.22419,931
0,3,0,4,3,0.20108,38
0,3,0,4,4,-0.83963,27
0,3,1,0,0,-0.19623,7
0,3,1,0,1,0.96735,0
0,3,1,0,2,0.23294,0
0,3,1,0,3,0.55535,0
0,3,1,0,4,0.68869,0
0,3,1,1,0,-0.67447,9
0,3,1,1,1,0.48075,354
0,3,1,1,2,1.22437,25
0,3,1,1,3,0.48106,36
0,3,1,1,4,0.49015,34
0,3,1,2,0,-0.69129,12
0,3,1,2,1,-1.15260,446
0,3,1,2,2,-0.76904,15
0,3,1,2,3,-0.82677,45
0,3,1,2,4,-0.69145,71
0,3,1,3,0,-0.07115,8
0,3,1,3,1,0.86373,604
0,3,1,3,2,1.73497,13
0,3,1,3,3,1.57614,4
0,3,1,3,4,3.22898,10
0,3,1,4,0,1.11375,8
0,3,1,4,1,0.43975,376
0,3,1,4,2,0.25300,0
0,3,1,4,3,-0.11247,25
0,3,1,4,4,0.01382,8
0,3,2,0,0,-0.91724,13
0,3,2,0,1,-1.01766,16
0,3,2,0,2,-0.91028,12
0,3,2,0,3,-0.90180,16
0,3,2,0,4,-0.90201,11
0,3,2,1,0,-0.19916,282
0,3,2,1,1,-0.11663,19
0,3,2,1,2,0.23446,0
0,3,2,1,3,-0.08002,92
0,3,2,1,4,-0.26139,20
0,3,2,2,0,-0.04242,334
0,3,2,2,1,-0.79451,31
0,3,2,2,2,-0.41653,16
0,3,2,2,3,-0.56237,54
0,3,2,2,4,-0.56240,22
0,3,2,3,0,-0.38937,425
0,3,2,3,1,-0.32686,44
0,3,2,3,2,0.06418,11
0,3,2,3,3,-0.20187,59
0,3,2,3,4,0.21414,10
0,3,2,4,0,-0.28957,249
0,3,2,4,1,-0.27984,26
0,3,2,4,2,0.11391,18
0,3,2,4,3,-0.28928,60
0,3,2,4,4,-0.81744,31
0,3,3,0,0,-0.96975,10
0,3,3,0,1,-1.15087,18
0,3,3,0,2,-0.95116,23
0,3,3,0,3,-0.95574,14
0,3,3,0,4,-1.01471,12
0,3,3,1,0,-1.09032,30
0,3,3,1,1,-1.21011,80
0,3,3,1,2,-1.25295,80
0,3,3,1,3,-1.27777,41
0,3,3,1,4,-1.09029,78
0,3,3,2,0,-0.94519,35
0,3,3,2,1,-1.10750,109
0,3,3,2,2,-1.14188,88
0,3,3,2,3,-0.98248,41
0,3,3,2,4,-1.09382,107
0,3,3,3,0,-0.68244,20
0,3,3,3,1,-0.91913,169
0,3,3,3,2,-0.52811,141
0,3,3,3,3,-0.98266,109
0,3,3,3,4,-0.77108,126
0,3,3,4,0,1.00681,16
0,3,3,4,1,0.39597,53
0,3,3,4,2,-0.62198,90
0,3,3,4,3,-0.92619,43
0,3,3,4,4,-0.84148,132
0,3,4,0,0,-0.45827,12
0,3,4,0,1,-0.58259,27
0,3,4,0,2,-0.27679,4
0,3,4,0,3,0.21969,0
0,3,4,0,4,-0.38461,4
0,3,4,1,0,-1.27377,97
0,3,4,1,1,-1.31654,98
0,3,4,1,2,-1.13390,140
0,3,4,1,3,-1.25367,72
0,3,4,1,4,-1.12903,55
0,3,4,2,0,-0.40696,109
0,3,4,2,1,-0.48402,45
0,3,4,2,2,-0.24310,57
0,3,4,2,3,-0.41493,51
0,3,4,2,4,-0.61984,73
0,3,4,3,0,1.41503,77
0,3,4,3,1,1.27835,84
0,3,4,3,2,2.20447,53
0,3,4,3,3,1.14072,62
0,3,4,3,4,-0.63438,90
0,3,4,4,0,1.16049,78
0,3,4,4,1,-0.85011,55
0,3,4,4,2,-1.10572,112
0,3,4,4,3,-0.03028,21
0,3,4,4,4,-0.51055,45
0,4,0,0,0,0.29390,0
0,4,0,0,1,0.18626,0
0,4,0,0,2,0.07978,0
0,4,0,0,3,0.02081,0
0,4,0,0,4,0.18907,0
0,4,0,1,0,0.87738,0
0,4,0,1,1,0.76282,0
0,4,0,1,2,0.23621,0
0,4,0,1,3,0.62243,0
0,4,0,1,4,0.43063,0
0,4,0,2,0,0.87711,0
0,4,0,2,1,0.09108,0
0,4,0,2,2,0.70983,0
0,4,0,2,3,0.25003,0
0,4,0,2,4,0.62776,0
0,4,0,3,0,0.09501,0
0,4,0,3,1,0.82939,0
0,4,0,3,2,0.45797,0
0,4,0,3,3,0.30716,0
0,4,0,3,4,0.35183,0
0,4,0,4,0,0.44923,0
0,4,0,4,1,0.51483,0
0,4,0,4,2,0.82288,0
0,4,0,4,3,0.94684,0
0,4,0,4,4,0.37428,0
0,4,1,0,0,0.65577,0
0,4,1,0,1,0.84161,0
0,4,1,0,2,0.25415,0
0,4,1,0,3,0.89243,0
0,4,1,0,4,0.02447,0
0,4,1,1,0,0.51822,0
0,4,1,1,1,0.61469,0
0,4,1,1,2,0.97309,0
0,4,1,1,3,0.35482,28
0,4,1,1,4,0.96747,0
0,4,1,2,0,0.12578,0
0,4,1,2,1,0.62535,0
0,4,1,2,2,0.15995,0
0,4,1,2,3,0.60559,0
0,4,1,2,4,0.60428,0
0,4,1,3,0,-0.37702,59
0,4,1,3,1,0.60180,0
0,4,1,3,2,-0.16935,3
0,4,1,3,3,-0.33464,33
0,4,1,3,4,0.40352,0
0,4,1,4,0,0.95440,0
0,4,1,4,1,0.31698,0
0,4,1,4,2,0.02219,0
0,4,1,4,3,-0.23336,63
0,4,1,4,4,0.35214,0
0,4,2,0,0,0.05308,0
0,4,2,0,1,0.29978,0
0,4,2,0,2,0.15855,0
0,4,2,0,3,0.31714,0
0,4,2,0,4,0.26580,0
0,4,2,1,0,0.55600,0
0,4,2,1,1,0.97021,0
0,4,2,1,2,0.89808,0
0,4,2,1,3,0.23565,13
0,4,2,1,4,0.11377,0
0,4,2,2,0,0.97734,0
0,4,2,2,1,0.54929,0
0,4,2,2,2,0.50869,0
0,4,2,2,3,0.01086,5
0,4,2,2,4,0.09002,0
0,4,2,3,0,0.09977,0
0,4,2,3,1,0.75316,0
0,4,2,3,2,0.76352,0
0,4,2,3,3,0.13514,62
0,4,2,3,4,1.54951,6
0,4,2,4,0,0.47564,0
0,4,2,4,1,0.22322,0
0,4,2,4,2,0.14117,0
0,4,2,4,3,0.23505,0
0,4,2,4,4,0.81233,0
0,4,3,0,0,1.32507,2
0,4,3,0,1,0.14549,0
0,4,3,0,2,0.70092,0
0,4,3,0,3,1.44771,12
0,4,3,0,4,0.15522,0
0,4,3,1,0,-0.30761,16
0,4,3,1,1,0.53447,0
0,4,3,1,2,0.38555,0
0,4,3,1,3,0.04583,7
0,4,3,1,4,0.32877,0
0,4,3,2,0,0.48192,0
0,4,3,2,1,0.85744,0
0,4,3,2,2,0.75761,0
0,4,3,2,3,0.62825,0
0,4,3,2,4,0.14654,0
0,4,3,3,0,-1.01109,6
0,4,3,3,1,0.70274,0
0,4,3,3,2,0.07356,0
0,4,3,3,3,0.49001,0
0,4,3,3,4,0.22768,0
0,4,3,4,0,0.27114,0
0,4,3,4,1,0.40816,0
0,4,3,4,2,0.34968,0
0,4,3,4,3,0.02013,0
0,4,3,4,4,0.70495,0
0,4,4,0,0,0.93685,0
0,4,4,0,1,0.82236,0
0,4,4,0,2,0.23299,0
0,4,4,0,3,0.42074,0
0,4,4,0,4,0.18139,0
0,4,4,1,0,-0.59519,5
0,4,4,1,1,-0.58498,8
0,4,4,1,2,-0.78279,4
0,4,4,1,3,-0.54848,6
0,4,4,1,4,-0.58478,8
0,4,4,2,0,0.34469,0
0,4,4,2,1,0.93953,0
0,4,4,2,2,0.65615,0
0,4,4,2,3,0.07151,0
0,4,4,2,4,0.06104,3
0,4,4,3,0,2.67297,5
0,4,4,3,1,0.65034,0
0,4,4,3,2,0.89922,0
0,4,4,3,3,0.18928,0
0,4,4,3,4,0.18619,0
0,4,4,4,0,0.49022,0
0,4,4,4,1,0.01515,4
0,4,4,4,2,-0.52435,7
0,4,4,4,3,-0.64291,20
0,4,4,4,4,-0.53507,11
1,0,0,0,0,0.45941,0
1,0,0,0,1,0.29046,0
1,0,0,0,2,0.60954,0
1,0,0,0,3,0.41077,0
1,0,0,0,4,0.99137,0
1,0,0,1,0,0.91526,0
1,0,0,1,1,0.72152,0
1,0,0,1,2,0.41783,0
1,0,0,1,3,0.21692,0
1,0,0,1,4,0.46058,0
1,0,0,2,0,0.06425,0
1,0,0,2,1,0.60963,0
1,0,0,2,2,0.72863,0
1,0,0,2,3,0.81082,0
1,0,0,2,4,3.41865,63
1,0,0,3,0,0.26398,0
1,0,0,3,1,0.74818,0
1,0,0,3,2,7.99982,63
1,0,0,3,3,5.20474,8
1,0,0,3,4,1.75315,88
1,0,0,4,0,0.63381,0
1,0,0,4,1,0.36526,0
1,0,0,4,2,0.88475,0
1,0,0,4,3,0.68742,0
1,0,0,4,4,0.92843,0
1,0,1,0,0,0.62698,0
1,0,1,0,1,0.64931,0
1,0,1,0,2,1.20157,4
1,0,1,0,3,1.06986,1
1,0,1,0,4,1.88073,25
1,0,1,1,0,-0.95952,11
1,0,1,1,1,-0.91766,659
1,0,1,1,2,5.20056,128
1,0,1,1,3,0.27052,578
1,0,1,1,4,-0.96727,1652
1,0,1,2,0,-0.19065,329
1,0,1,2,1,-0.85767,1317
1,0,1,2,2,-0.20056,616
1,0,1,2,3,-0.78064,1232
1,0,1,2,4,-1.10779,5604
1,0,1,3,0,-0.99815,393
1,0,1,3,1,-1.01469,1096
1,0,1,3,2,-0.97602,803
1,0,1,3,3,2.29400,1682
1,0,1,3,4,-0.98098,7111
1,0,1,4,0,5.33304,20
1,0,1,4,1,2.44364,258
1,0,1,4,2,2.73881,209
1,0,1,4,3,-0.01182,891
1,0,1,4,4,-0.19317,2588
1,0,2,0,0,0.69063,0
1,0,2,0,1,0.77339,0
1,0,2,0,2,0.90311,0
1,0,2,0,3,0.04700,0
1,0,2,0,4,0.87138,0
1,0,2,1,0,-1.06428,39
1,0,2,1,1,-0.82901,72
1,0,2,1,2,-0.96964,1268
1,0,2,1,3,0.25651,83
1,0,2,1,4,-0.96639,30
1,0,2,2,0,-1.02411,55
1,0,2,2,1,-0.30410,216
1,0,2,2,2,-0.86897,4099
1,0,2,2,3,0.20791,330
1,0,2,2,4,-1.03008,107
1,0,2,3,0,-0.89548,73
1,0,2,3,1,-0.96315,183
1,0,2,3,2,0.27785,5013
1,0,2,3,3,0.25973,471
1,0,2,3,4,-0.98758,150
1,0,2,4,0,-0.97685,32
1,0,2,4,1,-0.98470,81
1,0,2,4,2,-0.86751,1688
1,0,2,4,3,0.25374,127
1,0,2,4,4,0.17572,39
1,0,3,0,0,0.73430,0
1,0,3,0,1,0.44875,0
1,0,3,0,2,0.73610,0
1,0,3,0,3,0.82689,0
1,0,3,0,4,0.07050,0
1,0,3,1,0,-0.47833,13
1,0,3,1,1,-0.67365,32
1,0,3,1,2,-0.54351,19
1,0,3,1,3,-0.64980,201
1,0,3,1,4,-0.52163,11
1,0,3,2,0,-0.32978,129
1,0,3,2,1,-0.37014,145
1,0,3,2,2,-0.20945,235
1,0,3,2,3,-0.62846,810
1,0,3,2,4,0.09492,80
1,0,3,3,0,-1.01235,112
1,0,3,3,1,-0.81644,157
1,0,3,3,2,-0.22130,306
1,0,3,3,3,-0.27150,1163
1,0,3,3,4,-0.79505,54
1,0,3,4,0,0.19965,16
1,0,3,4,1,1.28209,72
1,0,3,4,2,1.16507,107
1,0,3,4,3,-0.73163,377
1,0,3,4,4,1.88640,15
1,0,4,0,0,0.68828,0
1,0,4,0,1,0.85202,0
1,0,4,0,2,0.19923,0
1,0,4,0,3,0.30691,0
1,0,4,0,4,0.92120,0
1,0,4,1,0,-1.23855,48
1,0,4,1,1,-1.11230,36
1,0,4,1,2,-1.06310,115
1,0,4,1,3,-1.13622,93
1,0,4,1,4,-1.12788,72
1,0,4,2,0,-1.02311,183
1,0,4,2,1,-1.07768,142
1,0,4,2,2,0.07238,566
1,0,4,2,3,-0.00430,470
1,0,4,2,4,0.67984,493
1,0,4,3,0,-0.80276,217
1,0,4,3,1,-1.03749,168
1,0,4,3,2,-0.85387,714
1,0,4,3,3,1.54323,428
1,0,4,3,4,-0.55257,362
1,0,4,4,0,0.05862,113
1,0,4,4,1,-0.33418,58
1,0,4,4,2,-1.29646,227
1,0,4,4,3,-0.03623,193
1,0,4,4,4,-1.22994,158
1,1,0,0,0,-0.25868,70
1,1,0,0,1,-0.09658,3
1,1,0,0,2,-0.23834,3
1,1,0,0,3,-0.27141,7
1,1,0,0,4,-0.03762,5
1,1,0,1,0,-0.15755,81
1,1,0,1,1,3.72604,82
1,1,0,1,2,0.21123,6
1,1,0,1,3,1.49734,8
1,1,0,1,4,0.68419,67
1,1,0,2,0,0.78157,1396
1,1,0,2,1,3.98580,8
1,1,0,2,2,1.95170,18
1,1,0,2,3,2.90939,309
1,1,0,2,4,7.99702,968
1,1,0,3,0,0.76227,1532
1,1,0,3,1,1.72261,276
1,1,0,3,2,0.24558,110
1,1,0,3,3,5.70426,161
1,1,0,3,4,0.01127,950
1,1,0,4,0,0.48405,155
1,1,0,4,1,1.51677,11
1,1,0,4,2,1.75385,17
1,1,0,4,3,0.49029,0
1,1,0,4,4,-0.41129,267
1,1,1,0,0,-1.02610,21
1,1,1,0,1,-0.84618,9
1,1,1,0,2,-1.02381,28
1,1,1,0,3,-0.96580,88
1,1,1,0,4,-0.86598,15
1,1,1,1,0,-0.94567,2014
1,1,1,1,1,-0.96787,375
1,1,1,1,2,-0.75133,2036
1,1,1,1,3,-1.07389,6013
1,1,1,1,4,-0.95715,1709
1,1,1,2,0,-0.86041,9996
1,1,1,2,1,-0.30135,2274
1,1,1,2,2,0.61186,9211
1,1,1,2,3,0.06002,25053
1,1,1,2,4,-0.83733,5940
1,1,1,3,0,-0.29727,11012
1,1,1,3,1,-0.46790,2510
1,1,1,3,2,-0.21686,11764
1,1,1,3,3,0.15625,30471
1,1,1,3,4,-0.01720,7296
1,1,1,4,0,-0.92591,3201
1,1,1,4,1,-0.92798,905
1,1,1,4,2,-0.58252,3005
1,1,1,4,3,-0.74955,7540
1,1,1,4,4,-0.90242,1856
1,1,2,0,0,-1.07918,13
1,1,2,0,1,-0.18947,22
1,1,2,0,2,-1.10805,22
1,1,2,0,3,-1.10778,28
1,1,2,0,4,-1.14902,20
1,1,2,1,0,-1.10095,1343
1,1,2,1,1,0.15828,935
1,1,2,1,2,-1.01149,247
1,1,2,1,3,0.25277,3050
1,1,2,1,4,-0.91806,1228
1,1,2,2,0,-1.00349,6913
1,1,2,2,1,-1.12995,5388
1,1,2,2,2,0.18639,1224
1,1,2,2,3,0.22912,13762
1,1,2,2,4,-1.00664,3724
1,1,2,3,0,-1.02291,6909
1,1,2,3,1,-1.14703,5663
1,1,2,3,2,-1.18771,1317
1,1,2,3,3,0.18263,14416
1,1,2,3,4,-1.00034,3543
1,1,2,4,0,0.26412,2158
1,1,2,4,1,0.10660,1506
1,1,2,4,2,1.44202,362
1,1,2,4,3,0.21649,3601
1,1,2,4,4,-0.98118,1432
1,1,3,0,0,-0.24435,22
1,1,3,0,1,-0.04623,17
1,1,3,0,2,-0.51593,23
1,1,3,0,3,-1.05097,33
1,1,3,0,4,-0.44770,10
1,1,3,1,0,-1.15292,962
1,1,3,1,1,-0.67362,1411
1,1,3,1,2,-1.09463,373
1,1,3,1,3,0.07754,1084
1,1,3,1,4,-1.20390,461
1,1,3,2,0,-0.74501,4462
1,1,3,2,1,-0.83162,7269
1,1,3,2,2,-0.65819,1796
1,1,3,2,3,0.14556,4262
1,1,3,2,4,-0.54426,1378
1,1,3,3,0,-1.06062,5257
1,1,3,3,1,-1.06893,8021
1,1,3,3,2,-0.78075,2010
1,1,3,3,3,0.76726,4015
1,1,3,3,4,-1.09191,1248
1,1,3,4,0,-0.77728,1504
1,1,3,4,1,-0.75910,2107
1,1,3,4,2,-0.75791,923
1,1,3,4,3,-0.75765,1351
1,1,3,4,4,-0.67722,452
1,1,4,0,0,0.45662,16
1,1,4,0,1,0.12540,25
1,1,4,0,2,-0.53017,10
1,1,4,0,3,0.32827,22
1,1,4,0,4,-1.12500,96
1,1,4,1,0,-1.13841,606
1,1,4,1,1,-1.13890,493
1,1,4,1,2,-1.05690,859
1,1,4,1,3,-1.17206,1220
1,1,4,1,4,-1.09766,534
1,1,4,2,0,-0.88720,3160
1,1,4,2,1,-0.86385,1829
1,1,4,2,2,-1.04073,4351
1,1,4,2,3,-1.04173,3887
1,1,4,2,4,-1.05579,2197
1,1,4,3,0,-1.11777,2937
1,1,4,3,1,-1.08375,2072
1,1,4,3,2,-0.99739,4840
1,1,4,3,3,-0.31373,4445
1,1,4,3,4,-0.13402,2119
1,1,4,4,0,-0.72801,818
1,1,4,4,1,-0.72587,704
1,1,4,4,2,0.57572,1198
1,1,4,4,3,-0.86168,1333
1,1,4,4,4,1.87799,762
1,2,0,0,0,0.31857,0
1,2,0,0,1,0.56975,0
1,2,0,0,2,0.02968,0
1,2,0,0,3,1.02934,148
1,2,0,0,4,0.03912,0
1,2,0,1,0,1.98318,71
1,2,0,1,1,0.60733,7
1,2,0,1,2,0.80665,8
1,2,0,1,3,-0.59986,1742
1,2,0,1,4,1.31090,19
1,2,0,2,0,-0.95183,99
1,2,0,2,1,0.20565,33
1,2,0,2,2,-0.82701,14
1,2,0,2,3,-0.85467,4116
1,2,0,2,4,-0.95849,19
1,2,0,3,0,0.21652,93
1,2,0,3,1,0.76147,28
1,2,0,3,2,1.72238,162
1,2,0,3,3,1.42711,5881
1,2,0,3,4,0.56947,77
1,2,0,4,0,3.17323,12
1,2,0,4,1,1.69272,9
1,2,0,4,2,1.70224,14
1,2,0,4,3,2.94571,3063
1,2,0,4,4,2.59428,7
1,2,1,0,0,-1.07742,159
1,2,1,0,1,-1.07847,53
1,2,1,0,2,-1.13290,28
1,2,1,0,3,-1.07885,127
1,2,1,0,4,-1.07059,16
1,2,1,1,0,0.57158,4088
1,2,1,1,1,-1.07904,2516
1,2,1,1,2,-0.16055,491
1,2,1,1,3,-1.07906,1495
1,2,1,1,4,-0.98506,409
1,2,1,2,0,-0.49554,12553
1,2,1,2,1,0.65404,13278
1,2,1,2,2,0.83000,2045
1,2,1,2,3,-1.11270,4594
1,2,1,2,4,-0.98468,1222
1,2,1,3,0,-1.04979,16582
1,2,1,3,1,-0.57273,13392
1,2,1,3,2,-0.57401,2361
1,2,1,3,3,-0.57807,5464
1,2,1,3,4,-0.76247,1251
1,2,1,4,0,-0.76033,5154
1,2,1,4,1,-0.91703,3104
1,2,1,4,2,-0.94667,418
1,2,1,4,3,-0.94664,1704
1,2,1,4,4,-0.93135,361
1,2,2,0,0,-1.12924,114
1,2,2,0,1,-1.25599,51
1,2,2,0,2,-1.14645,57
1,2,2,0,3,-1.17296,98
1,2,2,0,4,-1.09133,104
1,2,2,1,0,-1.04316,1699
1,2,2,1,1,-0.99375,1590
1,2,2,1,2,-1.04439,376
1,2,2,1,3,-1.00042,1057
1,2,2,1,4,-1.08023,2386
1,2,2,2,0,-1.00478,6572
1,2,2,2,1,-1.02073,7327
1,2,2,2,2,-0.77816,1435
1,2,2,2,3,-0.13603,3744
1,2,2,2,4,1.36631,6801
1,2,2,3,0,-0.86258,8508
1,2,2,3,1,0.23015,7583
1,2,2,3,2,0.08412,1708
1,2,2,3,3,0.33569,3466
1,2,2,3,4,-1.12500,7585
1,2,2,4,0,0.19680,2928
1,2,2,4,1,0.14255,2012
1,2,2,4,2,-1.02864,451
1,2,2,4,3,-1.09144,1225
1,2,2,4,4,-0.72128,2842
1,2,3,0,0,-0.66436,7
1,2,3,0,1,-1.09963,64
1,2,3,0,2,-0.40539,27
1,2,3,0,3,-0.86045,64
1,2,3,0,4,-0.78571,44
1,2,3,1,0,-1.15265,559
1,2,3,1,1,-1.14994,1505
1,2,3,1,2,-1.10257,1014
1,2,3,1,3,-1.12055,1148
1,2,3,1,4,-1.13677,467
1,2,3,2,0,-0.99885,1930
1,2,3,2,1,-0.98208,5464
1,2,3,2,2,-0.98208,2975
1,2,3,2,3,-0.98233,2835
1,2,3,2,4,-0.97610,1543
1,2,3,3,0,-1.02309,2501
1,2,3,3,1,-0.99984,7103
1,2,3,3,2,-0.99102,3271
1,2,3,3,3,-0.93633,3428
1,2,3,3,4,-0.99996,1623
1,2,3,4,0,-0.93610,783
1,2,3,4,1,-0.48967,2481
1,2,3,4,2,-0.96737,1246
1,2,3,4,3,1.21519,1327
1,2,3,4,4,-0.29625,502
1,2,4,0,0,-0.79917,8
1,2,4,0,1,-0.93698,25
1,2,4,0,2,-0.97020,68
1,2,4,0,3,-1.36166,51
1,2,4,0,4,-1.23221,81
1,2,4,1,0,-1.13187,768
1,2,4,1,1,-1.13278,820
1,2,4,1,2,-1.08354,756
1,2,4,1,3,-1.11647,1249
1,2,4,1,4,-1.12452,1068
1,2,4,2,0,-1.08280,1909
1,2,4,2,1,-0.94321,2820
1,2,4,2,2,-1.03478,1924
1,2,4,2,3,-1.11109,3493
1,2,4,2,4,-0.89813,3995
1,2,4,3,0,0.55214,2435
1,2,4,3,1,-1.08476,3799
1,2,4,3,2,-1.10917,1970
1,2,4,3,3,-1.15341,3572
1,2,4,3,4,-1.40666,3281
1,2,4,4,0,-1.08005,932
1,2,4,4,1,-1.09044,926
1,2,4,4,2,-0.97530,628
1,2,4,4,3,-0.44016,1083
1,2,4,4,4,-0.74579,994
1,3,0,0,0,0.20836,0
1,3,0,0,1,1.86470,10
1,3,0,0,2,0.19000,0
1,3,0,0,3,-0.07885,4
1,3,0,0,4,0.05312,0
1,3,0,1,0,-0.11489,20
1,3,0,1,1,0.51920,87
1,3,0,1,2,1.12728,71
1,3,0,1,3,0.84046,661
1,3,0,1,4,0.16971,1
1,3,0,2,0,0.79869,12
1,3,0,2,1,-0.04740,171
1,3,0,2,2,0.38939,0
1,3,0,2,3,0.01524,494
1,3,0,2,4,1.58899,19
1,3,0,3,0,0.17709,10
1,3,0,3,1,2.61695,76
1,3,0,3,2,0.57349,6
1,3,0,3,3,1.90678,1288
1,3,0,3,4,0.98488,7
1,3,0,4,0,1.55275,2
1,3,0,4,1,4.19777,85
1,3,0,4,2,-0.26113,1
1,3,0,4,3,2.44674,1689
1,3,0,4,4,2.93037,10
1,3,1,0,0,-0.51568,15
1,3,1,0,1,-1.02463,35
1,3,1,0,2,-1.02413,19
1,3,1,0,3,-1.17004,44
1,3,1,0,4,-1.12849,27
1,3,1,1,0,0.35734,278
1,3,1,1,1,-0.54553,738
1,3,1,1,2,0.60686,2036
1,3,1,1,3,-0.49523,940
1,3,1,1,4,-0.35220,347
1,3,1,2,0,-0.96759,201
1,3,1,2,1,-0.80935,1110
1,3,1,2,2,0.58383,3689
1,3,1,2,3,0.36741,1067
1,3,1,2,4,-0.84345,273
1,3,1,3,0,-0.90706,426
1,3,1,3,1,-1.11046,1463
1,3,1,3,2,0.13225,5262
1,3,1,3,3,0.11271,1385
1,3,1,3,4,-1.10518,686
1,3,1,4,0,-1.09711,132
1,3,1,4,1,-0.45703,805
1,3,1,4,2,-0.96027,1990
1,3,1,4,3,-0.45704,1257
1,3,1,4,4,-0.27606,276
1,3,2,0,0,-1.05928,30
1,3,2,0,1,-0.96886,24
1,3,2,0,2,-0.98826,23
1,3,2,0,3,-1.02911,30
1,3,2,0,4,-1.05477,72
1,3,2,1,0,-0.42374,453
1,3,2,1,1,-0.90057,389
1,3,2,1,2,-0.91023,712
1,3,2,1,3,-0.55283,562
1,3,2,1,4,-0.71261,762
1,3,2,2,0,-0.67788,715
1,3,2,2,1,0.15002,647
1,3,2,2,2,-0.85863,1571
1,3,2,2,3,-0.91437,1181
1,3,2,2,4,-0.88638,651
1,3,2,3,0,-0.99160,491
1,3,2,3,1,0.82608,905
1,3,2,3,2,-0.72484,1609
1,3,2,3,3,0.56529,1397
1,3,2,3,4,1.16918,788
1,3,2,4,0,1.08555,287
1,3,2,4,1,1.82980,418
1,3,2,4,2,-0.58427,755
1,3,2,4,3,1.12981,647
1,3,2,4,4,0.16600,643
1,3,3,0,0,-1.12510,23
1,3,3,0,1,-1.17356,16
1,3,3,0,2,-0.88573,51
1,3,3,0,3,-1.15872,72
1,3,3,0,4,-1.23432,88
1,3,3,1,0,-1.16888,492
1,3,3,1,1,-1.13044,448
1,3,3,1,2,0.27201,220
1,3,3,1,3,-1.12222,738
1,3,3,1,4,-1.16073,463
1,3,3,2,0,-1.17096,627
1,3,3,2,1,-1.00628,544
1,3,3,2,2,-0.97261,249
1,3,3,2,3,-1.17279,714
1,3,3,2,4,-1.23437,733
1,3,3,3,0,-1.02188,662
1,3,3,3,1,-1.17058,411
1,3,3,3,2,-0.98556,221
1,3,3,3,3,-1.04659,985
1,3,3,3,4,-1.12453,941
1,3,3,4,0,-0.73538,505
1,3,3,4,1,-0.38542,386
1,3,3,4,2,-0.50266,120
1,3,3,4,3,-1.01571,444
1,3,3,4,4,0.08386,836
1,3,4,0,0,-0.92602,40
1,3,4,0,1,-0.31683,22
1,3,4,0,2,-0.94876,34
1,3,4,0,3,-0.90520,60
1,3,4,0,4,-0.98260,19
1,3,4,1,0,-1.12802,586
1,3,4,1,1,0.23759,877
1,3,4,1,2,-1.12372,365
1,3,4,1,3,-1.09301,887
1,3,4,1,4,-1.12011,536
1,3,4,2,0,-0.94899,490
1,3,4,2,1,-0.06321,1003
1,3,4,2,2,-0.13874,268
1,3,4,2,3,-1.00131,733
1,3,4,2,4,-1.00175,419
1,3,4,3,0,-0.19120,516
1,3,4,3,1,-0.87993,1133
1,3,4,3,2,-0.24027,189
1,3,4,3,3,-1.02633,908
1,3,4,3,4,-0.61760,407
1,3,4,4,0,-0.80359,399
1,3,4,4,1,-0.76334,792
1,3,4,4,2,2.42110,140
1,3,4,4,3,0.41554,436
1,3,4,4,4,1.21720,174
1,4,0,0,0,0.46834,0
1,4,0,0,1,0.97800,0
1,4,0,0,2,0.65429,0
1,4,0,0,3,0.71786,0
1,4,0,0,4,0.94673,0
1,4,0,1,0,0.08473,0
1,4,0,1,1,0.56942,0
1,4,0,1,2,0.21234,0
1,4,0,1,3,0.15172,0
1,4,0,1,4,0.20194,0
1,4,0,2,0,0.71994,0
1,4,0,2,1,0.88594,133
1,4,0,2,2,0.41963,0
1,4,0,2,3,0.82066,0
1,4,0,2,4,0.99373,0
1,4,0,3,0,0.79939,0
1,4,0,3,1,0.50963,132
1,4,0,3,2,0.30783,0
1,4,0,3,3,0.13345,6
1,4,0,3,4,0.50092,0
1,4,0,4,0,0.58638,0
1,4,0,4,1,0.46483,8
1,4,0,4,2,0.11301,0
1,4,0,4,3,0.27025,0
1,4,0,4,4,0.95306,0
1,4,1,0,0,-0.38919,4
1,4,1,0,1,1.13469,4
1,4,1,0,2,0.80337,0
1,4,1,0,3,1.57033,7
1,4,1,0,4,0.24814,0
1,4,1,1,0,0.45928,0
1,4,1,1,1,0.77207,0
1,4,1,1,2,0.88401,0
1,4,1,1,3,0.48454,155
1,4,1,1,4,0.40715,2
1,4,1,2,0,0.01654,0
1,4,1,2,1,0.15482,0
1,4,1,2,2,0.86204,0
1,4,1,2,3,0.68366,0
1,4,1,2,4,0.66985,0
1,4,1,3,0,0.44027,3
1,4,1,3,1,0.65920,1
1,4,1,3,2,0.49253,3
1,4,1,3,3,-1.11693,78
1,4,1,3,4,-0.03790,5
1,4,1,4,0,0.90313,0
1,4,1,4,1,1.36665,3
1,4,1,4,2,0.26496,3
1,4,1,4,3,0.78146,124
1,4,1,4,4,0.69270,0
1,4,2,0,0,0.79456,0
1,4,2,0,1,-0.46150,5
1,4,2,0,2,-0.20242,3
1,4,2,0,3,-0.14007,14
1,4,2,0,4,0.02468,0
1,4,2,1,0,0.78263,34
1,4,2,1,1,-0.23440,51
1,4,2,1,2,0.71189,0
1,4,2,1,3,-0.17265,31
1,4,2,1,4,-0.18315,6
1,4,2,2,0,0.77105,7
1,4,2,2,1,0.24371,45
1,4,2,2,2,0.03868,0
1,4,2,2,3,0.03684,43
1,4,2,2,4,2.10998,3
1,4,2,3,0,-0.08878,30
1,4,2,3,1,-0.61509,34
1,4,2,3,2,1.02955,3
1,4,2,3,3,1.24916,64
1,4,2,3,4,0.45773,0
1,4,2,4,0,0.09350,19
1,4,2,4,1,0.15765,49
1,4,2,4,2,0.45066,0
1,4,2,4,3,-0.13638,35
1,4,2,4,4,0.59780,0
1,4,3,0,0,0.41593,0
1,4,3,0,1,1.01304,2
1,4,3,0,2,0.41434,0
1,4,3,0,3,0.56838,0
1,4,3,0,4,0.59105,0
1,4,3,1,0,-0.93254,15
1,4,3,1,1,-0.93476,24
1,4,3,1,2,-0.94888,19
1,4,3,1,3,-0.99456,26
1,4,3,1,4,-0.95539,9
1,4,3,2,0,2.22277,7
1,4,3,2,1,1.98442,29
1,4,3,2,2,0.27255,2
1,4,3,2,3,-0.98265,27
1,4,3,2,4,0.54724,0
1,4,3,3,0,0.13554,6
1,4,3,3,1,-0.17361,87
1,4,3,3,2,1.23327,16
1,4,3,3,3,-0.10643,52
1,4,3,3,4,1.38220,5
1,4,3,4,0,0.98952,5
1,4,3,4,1,0.86259,18
1,4,3,4,2,-0.20514,10
1,4,3,4,3,1.75021,36
1,4,3,4,4,0.00925,0
1,4,4,0,0,-1.09090,8
1,4,4,0,1,-0.93257,32
1,4,4,0,2,-0.37192,6
1,4,4,0,3,0.56436,0
1,4,4,0,4,-1.23435,75
1,4,4,1,0,-0.99368,27
1,4,4,1,1,-0.98169,48
1,4,4,1,2,-0.99304,22
1,4,4,1,3,-1.08875,38
1,4,4,1,4,-0.40423,32
1,4,4,2,0,0.07706,0
1,4,4,2,1,-0.75454,12
1,4,4,2,2,0.30895,2
1,4,4,2,3,0.22596,4
1,4,4,2,4,-0.90331,4
1,4,4,3,0,2.42189,6
1,4,4,3,1,-1.06813,77
1,4,4,3,2,0.62861,0
1,4,4,3,3,1.74702,18
1,4,4,3,4,-1.12499,107
1,4,4,4,0,0.57740,0
1,4,4,4,1,0.69886,29
1,4,4,4,2,0.61163,0
1,4,4,4,3,1.91945,16
1,4,4,4,4,1.33385,1
2,0,0,0,0,0.28582,0
2,0,0,0,1,0.93533,0
2,0,0,0,2,0.28564,0
2,0,0,0,3,0.54694,0
2,0,0,0,4,0.41265,0
2,0,0,1,0,0.74763,0
2,0,0,1,1,2.68577,55
2,0,0,1,2,2.68577,57
2,0,0,1,3,0.72900,0
2,0,0,1,4,0.91436,0
2,0,0,2,0,2.35099,66
2,0,0,2,1,2.51679,17
2,0,0,2,2,0.96488,1
2,0,0,2,3,2.35099,74
2,0,0,2,4,0.46799,0
2,0,0,3,0,0.72741,0
2,0,0,3,1,2.17048,187
2,0,0,3,2,2.17048,111
2,0,0,3,3,0.60500,0
2,0,0,3,4,0.22730,0
2,0,0,4,0,0.19265,0
2,0,0,4,1,0.42377,22
2,0,0,4,2,0.00395,0
2,0,0,4,3,0.89042,0
2,0,0,4,4,0.62087,0
2,0,1,0,0,0.63597,0
2,0,1,0,1,-0.02521,1
2,0,1,0,2,0.57613,0
2,0,1,0,3,0.22688,0
2,0,1,0,4,0.24913,0
2,0,1,1,0,-0.18299,883
2,0,1,1,1,0.62084,1130
2,0,1,1,2,0.62084,87
2,0,1,1,3,1.87082,125
2,0,1,1,4,1.16112,18
2,0,1,2,0,1.42914,3269
2,0,1,2,1,1.54101,3993
2,0,1,2,2,-0.80677,458
2,0,1,2,3,1.79160,1400
2,0,1,2,4,2.41198,173
2,0,1,3,0,0.72850,3513
2,0,1,3,1,2.99882,5052
2,0,1,3,2,0.78679,730
2,0,1,3,3,1.99882,1351
2,0,1,3,4,1.33176,79
2,0,1,4,0,-0.22921,1081
2,0,1,4,1,1.25002,1122
2,0,1,4,2,-0.91953,103
2,0,1,4,3,0.25541,340
2,0,1,4,4,-0.99998,122
2,0,2,0,0,0.72426,0
2,0,2,0,1,0.97294,0
2,0,2,0,2,0.99031,0
2,0,2,0,3,0.56512,0
2,0,2,0,4,0.87221,0
2,0,2,1,0,-0.79962,23
2,0,2,1,1,-0.99087,119
2,0,2,1,2,-0.89982,1487
2,0,2,1,3,0.43983,79
2,0,2,1,4,-0.73288,53
2,0,2,2,0,-0.76896,160
2,0,2,2,1,-0.94186,438
2,0,2,2,2,-0.95267,5054
2,0,2,2,3,0.31393,327
2,0,2,2,4,-0.98172,156
2,0,2,3,0,-0.58094,143
2,0,2,3,1,-0.98868,552
2,0,2,3,2,-0.78091,6296
2,0,2,3,3,-0.76375,461
2,0,2,3,4,-0.81920,259
2,0,2,4,0,-0.93422,38
2,0,2,4,1,-0.87211,135
2,0,2,4,2,-0.29095,2058
2,0,2,4,3,-0.34414,194
2,0,2,4,4,-0.94937,51
2,0,3,0,0,0.39942,0
2,0,3,0,1,0.10822,0
2,0,3,0,2,0.94349,0
2,0,3,0,3,0.17317,0
2,0,3,0,4,0.43300,0
2,0,3,1,0,-0.48510,35
2,0,3,1,1,-0.99282,55
2,0,3,1,2,-0.65047,289
2,0,3,1,3,-0.49021,142
2,0,3,1,4,-0.33433,56
2,0,3,2,0,-0.12293,207
2,0,3,2,1,-0.98327,181
2,0,3,2,2,0.07856,1693
2,0,3,2,3,0.95844,371
2,0,3,2,4,0.16877,76
2,0,3,3,0,-0.43408,304
2,0,3,3,1,-0.80119,257
2,0,3,3,2,-0.81029,2113
2,0,3,3,3,1.00537,497
2,0,3,3,4,-0.73488,163
2,0,3,4,0,-0.87525,63
2,0,3,4,1,-0.23743,68
2,0,3,4,2,-0.24617,707
2,0,3,4,3,-0.66041,208
2,0,3,4,4,0.01609,26
2,0,4,0,0,0.05538,0
2,0,4,0,1,0.29620,3
2,0,4,0,2,0.95164,0
2,0,4,0,3,0.34660,0
2,0,4,0,4,0.68584,0
2,0,4,1,0,-1.00938,76
2,0,4,1,1,-1.00953,80
2,0,4,1,2,-0.99489,118
2,0,4,1,3,0.07899,212
2,0,4,1,4,-1.01282,78
2,0,4,2,0,-0.37251,538
2,0,4,2,1,-0.87383,205
2,0,4,2,2,-0.60886,255
2,0,4,2,3,-0.34113,892
2,0,4,2,4,-0.86922,478
2,0,4,3,0,-0.11334,416
2,0,4,3,1,-0.44538,358
2,0,4,3,2,-0.25368,551
2,0,4,3,3,0.68902,1054
2,0,4,3,4,-0.44111,623
2,0,4,4,0,-0.94901,188
2,0,4,4,1,-0.80709,108
2,0,4,4,2,-0.88788,205
2,0,4,4,3,0.01534,355
2,0,4,4,4,-0.85080,256
2,1,0,0,0,-0.07242,102
2,1,0,0,1,0.02143,0
2,1,0,0,2,0.42527,4
2,1,0,0,3,0.06867,0
2,1,0,0,4,0.20720,5
2,1,0,1,0,0.55737,257
2,1,0,1,1,0.14369,0
2,1,0,1,2,2.67540,272
2,1,0,1,3,1.67540,136
2,1,0,1,4,0.90053,1
2,1,0,2,0,2.67481,1929
2,1,0,2,1,2.69697,59
2,1,0,2,2,-0.36921,1454
2,1,0,2,3,3.92649,261
2,1,0,2,4,3.90362,109
2,1,0,3,0,1.10727,1823
2,1,0,3,1,1.19095,21
2,1,0,3,2,1.23788,2558
2,1,0,3,3,2.44144,232
2,1,0,3,4,1.92192,45
2,1,0,4,0,1.86810,371
2,1,0,4,1,1.90609,15
2,1,0,4,2,2.46566,568
2,1,0,4,3,1.86957,96
2,1,0,4,4,2.87484,13
2,1,1,0,0,-0.68920,15
2,1,1,0,1,-0.52610,24
2,1,1,0,2,-0.54378,12
2,1,1,0,3,-0.53864,75
2,1,1,0,4,-0.64472,11
2,1,1,1,0,-0.25232,2345
2,1,1,1,1,-0.44544,3135
2,1,1,1,2,-0.24853,1934
2,1,1,1,3,1.00143,6224
2,1,1,1,4,0.00196,1230
2,1,1,2,0,-0.79387,11249
2,1,1,2,1,-0.74873,18198
2,1,1,2,2,-0.79414,7263
2,1,1,2,3,-0.76915,22388
2,1,1,2,4,-0.72552,3399
2,1,1,3,0,-0.84695,15609
2,1,1,3,1,-0.80095,20589
2,1,1,3,2,-0.84811,8884
2,1,1,3,3,0.58142,29082
2,1,1,3,4,-0.79750,4571
2,1,1,4,0,0.49742,4480
2,1,1,4,1,-0.68986,4295
2,1,1,4,2,0.49767,2139
2,1,1,4,3,0.51690,8436
2,1,1,4,4,0.99690,1056
2,1,2,0,0,-0.97271,40
2,1,2,0,1,-0.97221,30
2,1,2,0,2,-0.98712,43
2,1,2,0,3,-1.02270,56
2,1,2,0,4,-0.96535,51
2,1,2,1,0,-0.99786,722
2,1,2,1,1,0.03085,4756
2,1,2,1,2,-0.84387,1067
2,1,2,1,3,-0.96230,2034
2,1,2,1,4,-0.94239,3638
2,1,2,2,0,-0.87006,3239
2,1,2,2,1,-0.30474,33024
2,1,2,2,2,-0.87241,6952
2,1,2,2,3,-0.19066,7749
2,1,2,2,4,-0.85629,12998
2,1,2,3,0,-0.11802,3217
2,1,2,3,1,-0.91315,37229
2,1,2,3,2,-0.97044,6740
2,1,2,3,3,-0.28043,9411
2,1,2,3,4,-1.00031,15964
2,1,2,4,0,-0.34437,1199
2,1,2,4,1,-0.99051,7446
2,1,2,4,2,-0.33903,1634
2,1,2,4,3,0.28120,2576
2,1,2,4,4,-0.73264,5100
2,1,3,0,0,-0.66459,13
2,1,3,0,1,-0.33568,15
2,1,3,0,2,-0.86167,27
2,1,3,0,3,-0.73993,67
2,1,3,0,4,-0.85315,127
2,1,3,1,0,-1.06601,473
2,1,3,1,1,-0.98178,973
2,1,3,1,2,-0.56786,815
2,1,3,1,3,-0.13860,1976
2,1,3,1,4,-1.06851,918
2,1,3,2,0,0.17897,1736
2,1,3,2,1,-1.00319,5181
2,1,3,2,2,-0.97445,4719
2,1,3,2,3,-0.05621,7940
2,1,3,2,4,-0.99161,3040
2,1,3,3,0,-1.00804,1897
2,1,3,3,1,0.25920,5592
2,1,3,3,2,-0.94715,5516
2,1,3,3,3,-0.00965,9512
2,1,3,3,4,-0.92954,3037
2,1,3,4,0,-0.78396,587
2,1,3,4,1,-1.01577,1447
2,1,3,4,2,-0.96710,1723
2,1,3,4,3,0.69389,2512
2,1,3,4,4,-0.96161,890
2,1,4,0,0,-0.91104,10
2,1,4,0,1,-0.76897,39
2,1,4,0,2,-1.04412,41
2,1,4,0,3,0.33041,118
2,1,4,0,4,-0.65397,87
2,1,4,1,0,-1.09125,888
2,1,4,1,1,-1.07240,1134
2,1,4,1,2,-1.06767,1006
2,1,4,1,3,0.03592,1751
2,1,4,1,4,-1.08572,980
2,1,4,2,0,-0.29729,3393
2,1,4,2,1,-0.17258,5850
2,1,4,2,2,-0.22680,4967
2,1,4,2,3,1.09954,9001
2,1,4,2,4,-0.11424,4557
2,1,4,3,0,-0.39558,3827
2,1,4,3,1,-0.32046,6942
2,1,4,3,2,-0.39355,5803
2,1,4,3,3,0.24357,10537
2,1,4,3,4,-0.19811,3883
2,1,4,4,0,-0.94659,1051
2,1,4,4,1,-0.94454,1853
2,1,4,4,2,-0.53899,1398
2,1,4,4,3,0.73074,3070
2,1,4,4,4,1.10009,1242
2,2,0,0,0,3.80676,14
2,2,0,0,1,2.20623,1
2,2,0,0,2,0.79444,1
2,2,0,0,3,0.35250,0
2,2,0,0,4,2.87207,98
2,2,0,1,0,-0.17372,1087
2,2,0,1,1,1.61379,28
2,2,0,1,2,1.43825,8
2,2,0,1,3,1.60401,29
2,2,0,1,4,3.99987,220
2,2,0,2,0,-0.26577,4635
2,2,0,2,1,-0.36862,67
2,2,0,2,2,-0.36803,197
2,2,0,2,3,0.82654,210
2,2,0,2,4,-0.43604,419
2,2,0,3,0,0.12434,5638
2,2,0,3,1,-0.24502,60
2,2,0,3,2,-0.24088,131
2,2,0,3,3,1.87656,124
2,2,0,3,4,0.00663,318
2,2,0,4,0,0.88306,2363
2,2,0,4,1,2.37170,44
2,2,0,4,2,1.33055,21
2,2,0,4,3,1.33299,109
2,2,0,4,4,2.00953,46
2,2,1,0,0,-0.75325,39
2,2,1,0,1,-1.01267,32
2,2,1,0,2,-0.76571,88
2,2,1,0,3,-0.73356,15
2,2,1,0,4,-0.73077,12
2,2,1,1,0,-0.44755,1624
2,2,1,1,1,-0.45973,3148
2,2,1,1,2,-0.75049,2451
2,2,1,1,3,-0.29282,655
2,2,1,1,4,-0.67359,229
2,2,1,2,0,0.64994,6094
2,2,1,2,1,-0.41903,10904
2,2,1,2,2,-0.77802,15608
2,2,1,2,3,0.65114,2053
2,2,1,2,4,-0.48176,909
2,2,1,3,0,1.58723,9562
2,2,1,3,1,1.58936,12559
2,2,1,3,2,-0.69591,18563
2,2,1,3,3,1.58906,2708
2,2,1,3,4,-0.99997,1014
2,2,1,4,0,0.26862,2968
2,2,1,4,1,0.26862,3248
2,2,1,4,2,1.50487,4439
2,2,1,4,3,1.50885,616
2,2,1,4,4,-0.94994,224
2,2,2,0,0,-0.97394,31
2,2,2,0,1,-1.06168,45
2,2,2,0,2,-0.99713,42
2,2,2,0,3,-0.97433,61
2,2,2,0,4,-0.96597,58
2,2,2,1,0,-0.96476,1152
2,2,2,1,1,-0.90989,2971
2,2,2,1,2,-1.03494,3480
2,2,2,1,3,-0.96623,1001
2,2,2,1,4,-0.87121,2547
2,2,2,2,0,-1.00804,4380
2,2,2,2,1,-0.56473,17380
2,2,2,2,2,0.31145,16535
2,2,2,2,3,2.35619,3307
2,2,2,2,4,-0.93424,5250
2,2,2,3,0,-0.99330,5959
2,2,2,3,1,-0.96928,18946
2,2,2,3,2,-0.98021,20434
2,2,2,3,3,-0.86481,3497
2,2,2,3,4,-0.99998,7044
2,2,2,4,0,-0.98999,1938
2,2,2,4,1,-0.68106,4209
2,2,2,4,2,-0.84244,4969
2,2,2,4,3,-0.66236,1146
2,2,2,4,4,-0.91730,2926
2,2,3,0,0,-0.90781,30
2,2,3,0,1,-0.97447,58
2,2,3,0,2,-0.90727,32
2,2,3,0,3,-0.96931,101
2,2,3,0,4,-0.91428,60
2,2,3,1,0,-1.03975,722
2,2,3,1,1,-1.04216,1252
2,2,3,1,2,-1.01207,926
2,2,3,1,3,-1.11631,1825
2,2,3,1,4,-1.05654,1141
2,2,3,2,0,-0.96240,1888
2,2,3,2,1,-0.99382,4269
2,2,3,2,2,0.13395,3733
2,2,3,2,3,-0.99413,5335
2,2,3,2,4,-0.99177,4172
2,2,3,3,0,-0.64242,2513
2,2,3,3,1,-0.98284,4879
2,2,3,3,2,-0.99397,4702
2,2,3,3,3,-0.99269,5803
2,2,3,3,4,-0.99666,3747
2,2,3,4,0,-0.47654,658
2,2,3,4,1,-0.94178,1368
2,2,3,4,2,-0.95473,1413
2,2,3,4,3,1.51765,1735
2,2,3,4,4,-0.49167,1158
2,2,4,0,0,-0.75130,43
2,2,4,0,1,-0.97302,72
2,2,4,0,2,-0.99990,57
2,2,4,0,3,-0.93901,105
2,2,4,0,4,-1.15239,219
2,2,4,1,0,-1.00000,1160
2,2,4,1,1,-1.04075,1249
2,2,4,1,2,-0.99966,1352
2,2,4,1,3,-1.00000,1927
2,2,4,1,4,-1.00000,1144
2,2,4,2,0,-0.94986,3255
2,2,4,2,1,-0.94986,4182
2,2,4,2,2,-0.03830,4963
2,2,4,2,3,0.25173,6371
2,2,4,2,4,-0.94881,3975
2,2,4,3,0,-0.94561,4069
2,2,4,3,1,-0.92731,4661
2,2,4,3,2,-0.52408,5443
2,2,4,3,3,0.30092,6474
2,2,4,3,4,-0.90645,3777
2,2,4,4,0,-0.91768,1034
2,2,4,4,1,-0.98289,1415
2,2,4,4,2,-0.93358,1506
2,2,4,4,3,-0.98966,2289
2,2,4,4,4,-0.98660,1063
2,3,0,0,0,1.01281,2
2,3,0,0,1,0.61858,0
2,3,0,0,2,0.14629,0
2,3,0,0,3,0.08240,0
2,3,0,0,4,0.75588,0
2,3,0,1,0,-0.27018,1404
2,3,0,1,1,0.61588,10
2,3,0,1,2,0.54400,9
2,3,0,1,3,0.53746,52
2,3,0,1,4,-0.61672,11
2,3,0,2,0,-0.54727,2811
2,3,0,2,1,2.60006,24
2,3,0,2,2,1.73281,20
2,3,0,2,3,1.92511,54
2,3,0,2,4,2.90918,24
2,3,0,3,0,1.01191,2989
2,3,0,3,1,1.01508,23
2,3,0,3,2,2.25177,25
2,3,0,3,3,1.16654,57
2,3,0,3,4,1.68181,19
2,3,0,4,0,1.14240,1777
2,3,0,4,1,2.04848,10
2,3,0,4,2,2.36907,7
2,3,0,4,3,1.33647,24
2,3,0,4,4,1.47749,8
2,3,1,0,0,-0.75941,18
2,3,1,0,1,-0.75601,18
2,3,1,0,2,-0.82125,29
2,3,1,0,3,-0.75578,36
2,3,1,0,4,-0.78321,23
2,3,1,1,0,-0.67833,236
2,3,1,1,1,-0.76240,412
2,3,1,1,2,-0.07199,373
2,3,1,1,3,0.38545,1501
2,3,1,1,4,-0.81940,2771
2,3,1,2,0,-0.61898,666
2,3,1,2,1,0.03804,537
2,3,1,2,2,1.65921,312
2,3,1,2,3,-0.94537,2446
2,3,1,2,4,-0.88993,3317
2,3,1,3,0,1.18179,895
2,3,1,3,1,0.52465,895
2,3,1,3,2,0.34465,614
2,3,1,3,3,1.56254,3617
2,3,1,3,4,0.34276,5491
2,3,1,4,0,-0.15366,274
2,3,1,4,1,-0.87230,627
2,3,1,4,2,0.14955,551
2,3,1,4,3,0.22927,1469
2,3,1,4,4,-0.98742,2842
2,3,2,0,0,-0.96139,25
2,3,2,0,1,-0.96142,35
2,3,2,0,2,-0.96137,21
2,3,2,0,3,-0.96007,54
2,3,2,0,4,-0.97903,37
2,3,2,1,0,-0.86611,432
2,3,2,1,1,-0.89122,591
2,3,2,1,2,0.00049,436
2,3,2,1,3,-0.87524,1281
2,3,2,1,4,-0.95469,603
2,3,2,2,0,1.78079,429
2,3,2,2,1,-0.64443,929
2,3,2,2,2,-0.36916,1190
2,3,2,2,3,-0.93066,1996
2,3,2,2,4,-0.92943,823
2,3,2,3,0,0.62801,655
2,3,2,3,1,-0.92634,996
2,3,2,3,2,-0.90420,1884
2,3,2,3,3,0.24989,2773
2,3,2,3,4,-0.89925,1291
2,3,2,4,0,-0.55034,268
2,3,2,4,1,0.27363,597
2,3,2,4,2,-0.71061,569
2,3,2,4,3,1.11758,1316
2,3,2,4,4,-0.98579,351
2,3,3,0,0,-0.99155,21
2,3,3,0,1,-0.89445,18
2,3,3,0,2,-0.99046,38
2,3,3,0,3,-1.08105,67
2,3,3,0,4,-0.88835,31
2,3,3,1,0,-1.06386,436
2,3,3,1,1,-1.06709,345
2,3,3,1,2,-1.00004,495
2,3,3,1,3,0.01106,779
2,3,3,1,4,-0.30672,862
2,3,3,2,0,-0.73863,590
2,3,3,2,1,-1.06355,517
2,3,3,2,2,-0.40027,728
2,3,3,2,3,3.81480,1084
2,3,3,2,4,-0.93530,1285
2,3,3,3,0,-0.56768,858
2,3,3,3,1,-0.96472,630
2,3,3,3,2,2.48698,945
2,3,3,3,3,0.32626,1244
2,3,3,3,4,0.34920,992
2,3,3,4,0,-0.53815,384
2,3,3,4,1,0.06204,376
2,3,3,4,2,0.00196,551
2,3,3,4,3,-0.99650,748
2,3,3,4,4,-0.36067,972
2,3,4,0,0,-0.98537,65
2,3,4,0,1,-0.90368,101
2,3,4,0,2,-0.99822,36
2,3,4,0,3,-0.99176,152
2,3,4,0,4,0.32571,41
2,3,4,1,0,-1.04666,732
2,3,4,1,1,-1.03377,784
2,3,4,1,2,-1.08445,526
2,3,4,1,3,0.18563,1373
2,3,4,1,4,-1.04503,955
2,3,4,2,0,-0.99998,663
2,3,4,2,1,0.25681,694
2,3,4,2,2,-0.71992,433
2,3,4,2,3,0.28748,1130
2,3,4,2,4,-0.99998,830
2,3,4,3,0,-0.99647,786
2,3,4,3,1,-0.90976,714
2,3,4,3,2,0.57374,366
2,3,4,3,3,-0.92953,1238
2,3,4,3,4,-0.90772,1285
2,3,4,4,0,-0.03751,554
2,3,4,4,1,-0.92799,673
2,3,4,4,2,-0.90116,285
2,3,4,4,3,-0.98740,1019
2,3,4,4,4,-0.87782,568
2,4,0,0,0,0.27614,0
2,4,0,0,1,0.47775,0
2,4,0,0,2,0.19494,0
2,4,0,0,3,0.52421,1
2,4,0,0,4,0.40740,0
2,4,0,1,0,0.56470,0
2,4,0,1,1,0.76823,0
2,4,0,1,2,0.68867,0
2,4,0,1,3,-0.71095,9
2,4,0,1,4,0.89455,0
2,4,0,2,0,0.39191,0
2,4,0,2,1,0.49670,0
2,4,0,2,2,0.72944,0
2,4,0,2,3,1.26774,136
2,4,0,2,4,0.35698,0
2,4,0,3,0,-0.06633,4
2,4,0,3,1,0.31744,0
2,4,0,3,2,0.69957,0
2,4,0,3,3,0.11945,59
2,4,0,3,4,0.22046,0
2,4,0,4,0,0.16027,0
2,4,0,4,1,0.24364,0
2,4,0,4,2,0.94653,0
2,4,0,4,3,0.86843,0
2,4,0,4,4,0.72395,0
2,4,1,0,0,0.10507,8
2,4,1,0,1,0.88732,0
2,4,1,0,2,1.27683,4
2,4,1,0,3,0.25751,9
2,4,1,0,4,0.39803,0
2,4,1,1,0,0.52535,0
2,4,1,1,1,0.76899,4
2,4,1,1,2,0.64260,169
2,4,1,1,3,0.98041,0
2,4,1,1,4,-0.24814,6
2,4,1,2,0,0.03742,0
2,4,1,2,1,0.97903,2
2,4,1,2,2,-0.79833,105
2,4,1,2,3,0.04489,4
2,4,1,2,4,0.36422,0
2,4,1,3,0,0.47678,4
2,4,1,3,1,-0.39339,3
2,4,1,3,2,1.00837,142
2,4,1,3,3,0.74443,0
2,4,1,3,4,-0.32044,4
2,4,1,4,0,0.09864,0
2,4,1,4,1,-0.10845,5
2,4,1,4,2,-0.96269,107
2,4,1,4,3,0.19804,0
2,4,1,4,4,0.16807,0
2,4,2,0,0,0.06411,0
2,4,2,0,1,0.56595,0
2,4,2,0,2,0.11590,0
2,4,2,0,3,0.32936,0
2,4,2,0,4,0.86218,0
2,4,2,1,0,0.73683,0
2,4,2,1,1,0.53667,0
2,4,2,1,2,1.98756,4
2,4,2,1,3,0.41208,0
2,4,2,1,4,1.11757,108
2,4,2,2,0,0.31030,0
2,4,2,2,1,-0.39338,3
2,4,2,2,2,-0.50171,6
2,4,2,2,3,1.32210,6
2,4,2,2,4,-0.99442,235
2,4,2,3,0,2.69942,13
2,4,2,3,1,-0.08647,5
2,4,2,3,2,2.05171,4
2,4,2,3,3,0.91059,22
2,4,2,3,4,0.66150,227
2,4,2,4,0,1.83781,4
2,4,2,4,1,1.23373,8
2,4,2,4,2,-0.22750,16
2,4,2,4,3,1.46076,16
2,4,2,4,4,1.82117,53
2,4,3,0,0,-0.62464,17
2,4,3,0,1,0.15703,1
2,4,3,0,2,0.29812,0
2,4,3,0,3,0.14033,0
2,4,3,0,4,0.05699,4
2,4,3,1,0,-0.70587,15
2,4,3,1,1,-0.66475,23
2,4,3,1,2,-0.92349,51
2,4,3,1,3,-0.77778,33
2,4,3,1,4,-0.70342,21
2,4,3,2,0,-0.73261,53
2,4,3,2,1,-0.86971,16
2,4,3,2,2,-0.65626,56
2,4,3,2,3,0.91295,3
2,4,3,2,4,1.71649,19
2,4,3,3,0,-0.78281,71
2,4,3,3,1,1.68356,8
2,4,3,3,2,-0.76721,39
2,4,3,3,3,0.45498,39
2,4,3,3,4,3.89337,56
2,4,3,4,0,-0.94408,93
2,4,3,4,1,-0.77257,25
2,4,3,4,2,1.60237,16
2,4,3,4,3,3.88661,14
2,4,3,4,4,3.92816,37
2,4,4,0,0,0.34600,22
2,4,4,0,1,-0.97670,11
2,4,4,0,2,0.86373,2
2,4,4,0,3,0.28120,6
2,4,4,0,4,0.82434,0
2,4,4,1,0,-1.02736,134
2,4,4,1,1,-0.99144,29
2,4,4,1,2,-0.99816,28
2,4,4,1,3,-0.99090,23
2,4,4,1,4,-0.98333,26
2,4,4,2,0,0.31147,32
2,4,4,2,1,0.17494,15
2,4,4,2,2,-0.88341,11
2,4,4,2,3,0.17493,32
2,4,4,2,4,0.23341,4
2,4,4,3,0,-0.31945,116
2,4,4,3,1,0.93042,24
2,4,4,3,2,-0.68703,16
2,4,4,3,3,-0.28433,90
2,4,4,3,4,-0.28283,132
2,4,4,4,0,1.76865,35
2,4,4,4,1,1.75419,18
2,4,4,4,2,2.91171,10
2,4,4,4,3,0.66325,125
2,4,4,4,4,2.98774,216
3,0,0,0,0,0.60275,0
3,0,0,0,1,0.34366,0
3,0,0,0,2,0.70712,0
3,0,0,0,3,0.10793,0
3,0,0,0,4,0.41135,0
3,0,0,1,0,0.81021,0
3,0,0,1,1,0.14811,0
3,0,0,1,2,0.65773,0
3,0,0,1,3,0.00621,0
3,0,0,1,4,0.45782,0
3,0,0,2,0,0.82993,0
3,0,0,2,1,0.08718,0
3,0,0,2,2,2.15410,180
3,0,0,2,3,0.12638,0
3,0,0,2,4,0.20547,0
3,0,0,3,0,0.93191,0
3,0,0,3,1,0.01774,3
3,0,0,3,2,2.30191,407
3,0,0,3,3,2.30191,63
3,0,0,3,4,0.40254,0
3,0,0,4,0,0.06846,0
3,0,0,4,1,0.18703,0
3,0,0,4,2,0.62213,0
3,0,0,4,3,0.90803,0
3,0,0,4,4,0.63933,0
3,0,1,0,0,0.34653,1
3,0,1,0,1,1.54453,55
3,0,1,0,2,0.10703,76
3,0,1,0,3,-0.05555,2
3,0,1,0,4,0.05938,0
3,0,1,1,0,-0.37300,28
3,0,1,1,1,2.18127,1798
3,0,1,1,2,-0.12304,219
3,0,1,1,3,1.64880,403
3,0,1,1,4,0.91089,18
3,0,1,2,0,0.76307,205
3,0,1,2,1,3.35063,6769
3,0,1,2,2,2.90038,1295
3,0,1,2,3,7.00000,669
3,0,1,2,4,8.00000,551
3,0,1,3,0,0.53562,202
3,0,1,3,1,5.68078,7488
3,0,1,3,2,0.23725,1135
3,0,1,3,3,-0.63010,995
3,0,1,3,4,7.99738,193
3,0,1,4,0,0.06053,29
3,0,1,4,1,1.50018,2165
3,0,1,4,2,2.96373,342
3,0,1,4,3,0.44282,240
3,0,1,4,4,4.27284,100
3,0,2,0,0,0.78983,0
3,0,2,0,1,0.38148,0
3,0,2,0,2,0.35802,0
3,0,2,0,3,0.48378,0
3,0,2,0,4,-0.21644,3
3,0,2,1,0,1.11667,888
3,0,2,1,1,0.51971,226
3,0,2,1,2,-0.11941,57
3,0,2,1,3,1.15177,153
3,0,2,1,4,0.17412,23
3,0,2,2,0,-0.42651,3307
3,0,2,2,1,1.66642,655
3,0,2,2,2,-0.58358,207
3,0,2,2,3,0.52970,421
3,0,2,2,4,-0.44477,85
3,0,2,3,0,0.35876,3757
3,0,2,3,1,0.11448,806
3,0,2,3,2,-0.02229,238
3,0,2,3,3,4.10317,531
3,0,2,3,4,0.30368,107
3,0,2,4,0,-0.49441,1231
3,0,2,4,1,-0.72923,395
3,0,2,4,2,-0.46019,103
3,0,2,4,3,0.51657,202
3,0,2,4,4,-0.64483,29
3,0,3,0,0,0.38137,0
3,0,3,0,1,0.08952,0
3,0,3,0,2,0.36214,0
3,0,3,0,3,0.63867,0
3,0,3,0,4,0.52815,0
3,0,3,1,0,-0.85268,45
3,0,3,1,1,-0.61752,65
3,0,3,1,2,-0.68086,32
3,0,3,1,3,-0.98065,315
3,0,3,1,4,0.01928,58
3,0,3,2,0,0.36725,134
3,0,3,2,1,-0.25962,195
3,0,3,2,2,0.41650,188
3,0,3,2,3,1.33371,1315
3,0,3,2,4,-0.34546,192
3,0,3,3,0,2.38960,145
3,0,3,3,1,-0.83852,198
3,0,3,3,2,-0.26256,214
3,0,3,3,3,0.72936,1636
3,0,3,3,4,-0.92978,303
3,0,3,4,0,-0.15315,36
3,0,3,4,1,2.68453,64
3,0,3,4,2,1.53123,75
3,0,3,4,3,-0.30310,532
3,0,3,4,4,2.38548,100
3,0,4,0,0,0.64430,0
3,0,4,0,1,0.80661,0
3,0,4,0,2,0.43844,0
3,0,4,0,3,0.86386,0
3,0,4,0,4,-0.30724,22
3,0,4,1,0,-1.02048,86
3,0,4,1,1,-0.40320,159
3,0,4,1,2,-1.01565,150
3,0,4,1,3,-0.73866,386
3,0,4,1,4,-1.03399,179
3,0,4,2,0,-0.48176,357
3,0,4,2,1,-0.70852,495
3,0,4,2,2,-0.11415,578
3,0,4,2,3,-0.00447,1813
3,0,4,2,4,0.30203,997
3,0,4,3,0,-0.91551,410
3,0,4,3,1,-0.89880,619
3,0,4,3,2,-0.45476,822
3,0,4,3,3,1.05163,2125
3,0,4,3,4,-0.30004,769
3,0,4,4,0,-0.95458,125
3,0,4,4,1,-0.79079,121
3,0,4,4,2,-0.93374,319
3,0,4,4,3,1.54410,624
3,0,4,4,4,-0.93139,292
3,1,0,0,0,0.46314,0
3,1,0,0,1,0.31107,0
3,1,0,0,2,0.99551,0
3,1,0,0,3,0.43826,0
3,1,0,0,4,0.35905,0
3,1,0,1,0,1.52573,5
3,1,0,1,1,1.49887,4
3,1,0,1,2,2.54480,880
3,1,0,1,3,1.02243,3
3,1,0,1,4,0.72640,0
3,1,0,2,0,1.59084,106
3,1,0,2,1,1.52922,68
3,1,0,2,2,1.69642,4815
3,1,0,2,3,4.80721,152
3,1,0,2,4,2.34960,107
3,1,0,3,0,1.76696,186
3,1,0,3,1,1.63360,55
3,1,0,3,2,3.88321,7420
3,1,0,3,3,2.98525,262
3,1,0,3,4,2.51094,190
3,1,0,4,0,2.02090,70
3,1,0,4,1,1.28221,6
3,1,0,4,2,2.29189,1058
3,1,0,4,3,1.34965,19
3,1,0,4,4,0.38918,0
3,1,1,0,0,-0.53955,22
3,1,1,0,1,2.14072,43
3,1,1,0,2,-0.39796,79
3,1,1,0,3,-0.73259,109
3,1,1,0,4,-0.41464,45
3,1,1,1,0,2.40115,385
3,1,1,1,1,1.44097,2784
3,1,1,1,2,-0.05498,2651
3,1,1,1,3,1.12336,904
3,1,1,1,4,1.67408,2274
3,1,1,2,0,0.94115,2393
3,1,1,2,1,2.28347,19828
3,1,1,2,2,0.78674,10428
3,1,1,2,3,2.71992,4347
3,1,1,2,4,2.29322,8857
3,1,1,3,0,0.01275,2861
3,1,1,3,1,0.71637,23155
3,1,1,3,2,0.87808,14912
3,1,1,3,3,1.96637,4902
3,1,1,3,4,1.28850,9675
3,1,1,4,0,3.48234,712
3,1,1,4,1,0.80820,3480
3,1,1,4,2,0.23128,3392
3,1,1,4,3,0.94090,1430
3,1,1,4,4,-0.07859,2550
3,1,2,0,0,-0.86686,20
3,1,2,0,1,-0.93139,34
3,1,2,0,2,-0.88500,24
3,1,2,0,3,-0.80851,26
3,1,2,0,4,-0.88561,17
3,1,2,1,0,-0.80419,2139
3,1,2,1,1,-0.87305,9023
3,1,2,1,2,-0.87271,949
3,1,2,1,3,0.12322,1494
3,1,2,1,4,-0.83007,1158
3,1,2,2,0,0.26842,12238
3,1,2,2,1,0.36911,72646
3,1,2,2,2,0.25193,5508
3,1,2,2,3,-0.78885,9677
3,1,2,2,4,0.66924,4205
3,1,2,3,0,-0.99821,13639
3,1,2,3,1,-0.99737,82351
3,1,2,3,2,-0.99747,6387
3,1,2,3,3,0.20109,10771
3,1,2,3,4,-0.99762,4926
3,1,2,4,0,-0.50126,3536
3,1,2,4,1,-0.52000,13108
3,1,2,4,2,-0.54066,1630
3,1,2,4,3,1.16077,2216
3,1,2,4,4,0.66356,1625
3,1,3,0,0,-0.85369,33
3,1,3,0,1,-0.61007,11
3,1,3,0,2,-0.07624,16
3,1,3,0,3,0.26308,36
3,1,3,0,4,-0.98103,70
3,1,3,1,0,-1.04435,920
3,1,3,1,1,-0.99537,1381
3,1,3,1,2,-0.99714,496
3,1,3,1,3,-1.00956,1725
3,1,3,1,4,-0.99639,982
3,1,3,2,0,0.37366,4964
3,1,3,2,1,0.55808,7278
3,1,3,2,2,-0.25361,2276
3,1,3,2,3,1.12153,11040
3,1,3,2,4,0.13545,4603
3,1,3,3,0,-0.99259,6533
3,1,3,3,1,0.09663,8915
3,1,3,3,2,1.69560,2390
3,1,3,3,3,-0.98961,13867
3,1,3,3,4,-0.98614,5128
3,1,3,4,0,-0.70441,1753
3,1,3,4,1,-0.68870,2661
3,1,3,4,2,0.96963,603
3,1,3,4,3,-0.70603,2901
3,1,3,4,4,-0.75617,1242
3,1,4,0,0,-0.77242,53
3,1,4,0,1,0.24661,36
3,1,4,0,2,-0.89834,44
3,1,4,0,3,0.25059,217
3,1,4,0,4,-0.85534,15
3,1,4,1,0,-1.04520,1232
3,1,4,1,1,-1.04576,1313
3,1,4,1,2,-1.04434,1681
3,1,4,1,3,-0.97870,3078
3,1,4,1,4,-1.06027,1548
3,1,4,2,0,-0.98635,5697
3,1,4,2,1,-0.98658,6055
3,1,4,2,2,0.36869,8784
3,1,4,2,3,-0.98656,19840
3,1,4,2,4,-0.98208,5088
3,1,4,3,0,-0.89584,7410
3,1,4,3,1,-0.89797,7079
3,1,4,3,2,0.33854,11254
3,1,4,3,3,0.97867,23352
3,1,4,3,4,-0.88097,5725
3,1,4,4,0,-0.94561,2241
3,1,4,4,1,-0.95985,1813
3,1,4,4,2,-0.65788,2768
3,1,4,4,3,-0.83865,5425
3,1,4,4,4,-0.94749,1984
3,2,0,0,0,2.47715,16
3,2,0,0,1,1.04170,2
3,2,0,0,2,0.06064,0
3,2,0,0,3,0.53467,0
3,2,0,0,4,0.24244,0
3,2,0,1,0,0.73546,1036
3,2,0,1,1,1.29319,360
3,2,0,1,2,1.18338,6
3,2,0,1,3,1.18064,25
3,2,0,1,4,0.24920,4
3,2,0,2,0,3.36062,6569
3,2,0,2,1,1.52852,474
3,2,0,2,2,0.95835,101
3,2,0,2,3,0.98960,94
3,2,0,2,4,1.23614,44
3,2,0,3,0,1.66858,8112
3,2,0,3,1,3.26568,395
3,2,0,3,2,2.24136,103
3,2,0,3,3,3.45388,180
3,2,0,3,4,3.27493,18
3,2,0,4,0,2.17471,2052
3,2,0,4,1,3.12871,153
3,2,0,4,2,1.69191,20
3,2,0,4,3,2.95089,33
3,2,0,4,4,2.60310,18
3,2,1,0,0,-0.48490,13
3,2,1,0,1,0.32602,12
3,2,1,0,2,-0.55271,71
3,2,1,0,3,0.29765,58
3,2,1,0,4,-0.50778,48
3,2,1,1,0,-0.58641,666
3,2,1,1,1,1.01255,3797
3,2,1,1,2,1.63731,1244
3,2,1,1,3,2.26669,2261
3,2,1,1,4,1.72192,2709
3,2,1,2,0,-0.68328,2262
3,2,1,2,1,-0.73667,22764
3,2,1,2,2,0.23719,7530
3,2,1,2,3,-0.86266,7592
3,2,1,2,4,-0.84253,8575
3,2,1,3,0,-0.45932,2084
3,2,1,3,1,0.63463,26381
3,2,1,3,2,-0.47414,8147
3,2,1,3,3,-0.27942,9518
3,2,1,3,4,-0.45544,8874
3,2,1,4,0,-0.88875,539
3,2,1,4,1,-0.95318,5035
3,2,1,4,2,-0.81824,2171
3,2,1,4,3,-0.89657,2305
3,2,1,4,4,-0.88773,2962
3,2,2,0,0,-0.75795,33
3,2,2,0,1,-0.89458,27
3,2,2,0,2,-0.34443,40
3,2,2,0,3,-0.37646,52
3,2,2,0,4,-0.91983,35
3,2,2,1,0,-0.89886,614
3,2,2,1,1,-0.16852,248
3,2,2,1,2,-0.30524,11601
3,2,2,1,3,-0.33076,709
3,2,2,1,4,-0.07365,466
3,2,2,2,0,-0.85136,2280
3,2,2,2,1,-0.32529,1400
3,2,2,2,2,-0.28415,77094
3,2,2,2,3,-0.39385,2994
3,2,2,2,4,-0.19181,1634
3,2,2,3,0,-0.33105,2416
3,2,2,3,1,-0.21582,1649
3,2,2,3,2,-0.95331,92130
3,2,2,3,3,-0.27695,3750
3,2,2,3,4,-0.03596,1581
3,2,2,4,0,-0.76653,629
3,2,2,4,1,0.27831,362
3,2,2,4,2,-0.00800,17389
3,2,2,4,3,0.90329,1305
3,2,2,4,4,0.70439,495
3,2,3,0,0,-0.98182,31
3,2,3,0,1,-0.98984,44
3,2,3,0,2,-0.97273,20
3,2,3,0,3,-0.98127,77
3,2,3,0,4,-0.97994,92
3,2,3,1,0,-1.00886,901
3,2,3,1,1,0.27741,1902
3,2,3,1,2,-0.36306,680
3,2,3,1,3,-1.00880,1926
3,2,3,1,4,-1.01262,1279
3,2,3,2,0,-0.96831,4078
3,2,3,2,1,-0.96151,7673
3,2,3,2,2,-1.00419,2267
3,2,3,2,3,-1.00751,6062
3,2,3,2,4,-0.95643,4968
3,2,3,3,0,0.78608,4857
3,2,3,3,1,-0.98539,8894
3,2,3,3,2,-0.96588,2408
3,2,3,3,3,-0.99741,7436
3,2,3,3,4,-0.94104,6601
3,2,3,4,0,-0.98095,1773
3,2,3,4,1,-0.90175,2303
3,2,3,4,2,-0.84631,805
3,2,3,4,3,0.22995,2456
3,2,3,4,4,0.21596,2239
3,2,4,0,0,-1.01491,47
3,2,4,0,1,-0.99405,119
3,2,4,0,2,-1.08228,79
3,2,4,0,3,-0.01296,157
3,2,4,0,4,-0.97904,139
3,2,4,1,0,-1.04198,1766
3,2,4,1,1,-1.04238,1994
3,2,4,1,2,-1.02589,1767
3,2,4,1,3,-0.97665,3259
3,2,4,1,4,-1.02260,2019
3,2,4,2,0,0.26491,6553
3,2,4,2,1,-0.90922,8728
3,2,4,2,2,-0.10249,6605
3,2,4,2,3,-0.96660,12001
3,2,4,2,4,-0.96641,6828
3,2,4,3,0,1.08648,8545
3,2,4,3,1,-0.89258,10510
3,2,4,3,2,0.15581,7966
3,2,4,3,3,-0.89988,14542
3,2,4,3,4,-0.91725,6189
3,2,4,4,0,-0.98972,2923
3,2,4,4,1,-0.97724,3176
3,2,4,4,2,-0.91821,2584
3,2,4,4,3,-0.98456,3981
3,2,4,4,4,-0.97688,2325
3,3,0,0,0,0.50773,0
3,3,0,0,1,0.67302,0
3,3,0,0,2,0.99529,0
3,3,0,0,3,0.96370,0
3,3,0,0,4,0.15763,0
3,3,0,1,0,2.85268,5
3,3,0,1,1,1.19860,1
3,3,0,1,2,0.00198,351
3,3,0,1,3,1.77265,32
3,3,0,1,4,2.62989,7
3,3,0,2,0,3.15884,23
3,3,0,2,1,1.92990,8
3,3,0,2,2,2.01507,784
3,3,0,2,3,2.68974,31
3,3,0,2,4,2.97653,16
3,3,0,3,0,0.86518,24
3,3,0,3,1,0.85012,11
3,3,0,3,2,0.76240,1118
3,3,0,3,3,3.43524,24
3,3,0,3,4,1.48692,3
3,3,0,4,0,2.40830,4
3,3,0,4,1,2.01805,4
3,3,0,4,2,1.65342,274
3,3,0,4,3,0.42509,6
3,3,0,4,4,2.04880,3
3,3,1,0,0,-0.83209,24
3,3,1,0,1,0.69779,21
3,3,1,0,2,-0.83116,13
3,3,1,0,3,-0.83640,115
3,3,1,0,4,-0.79002,14
3,3,1,1,0,-0.55703,402
3,3,1,1,1,1.01038,2339
3,3,1,1,2,0.82692,73
3,3,1,1,3,0.81268,1703
3,3,1,1,4,1.39087,44
3,3,1,2,0,-0.30057,559
3,3,1,2,1,1.86451,5558
3,3,1,2,2,2.55190,196
3,3,1,2,3,0.92530,2616
3,3,1,2,4,-0.09880,119
3,3,1,3,0,0.00326,591
3,3,1,3,1,-0.28377,7054
3,3,1,3,2,0.57404,95
3,3,1,3,3,1.02109,3517
3,3,1,3,4,0.23329,118
3,3,1,4,0,0.35039,216
3,3,1,4,1,-0.12217,3663
3,3,1,4,2,0.81705,0
3,3,1,4,3,0.41093,1618
3,3,1,4,4,-0.77240,14
3,3,2,0,0,-0.47594,6
3,3,2,0,1,-0.80015,14
3,3,2,0,2,-0.80591,26
3,3,2,0,3,-0.93540,44
3,3,2,0,4,-0.37350,26
3,3,2,1,0,0.93299,31
3,3,2,1,1,-0.57941,41
3,3,2,1,2,0.85907,106
3,3,2,1,3,0.87668,1680
3,3,2,1,4,-0.28252,492
3,3,2,2,0,3.54187,40
3,3,2,2,1,3.58307,42
3,3,2,2,2,2.06641,58
3,3,2,2,3,-0.95004,2544
3,3,2,2,4,-0.41384,632
3,3,2,3,0,0.91534,26
3,3,2,3,1,0.85025,144
3,3,2,3,2,1.48074,121
3,3,2,3,3,-0.50588,3555
3,3,2,3,4,0.67943,1277
3,3,2,4,0,0.04209,14
3,3,2,4,1,-0.09021,60
3,3,2,4,2,2.30243,41
3,3,2,4,3,-0.75189,2288
3,3,2,4,4,-0.95315,1341
3,3,3,0,0,-0.93023,40
3,3,3,0,1,-0.99733,70
3,3,3,0,2,-0.87562,23
3,3,3,0,3,-0.80233,65
3,3,3,0,4,-0.90853,48
3,3,3,1,0,-1.00303,124
3,3,3,1,1,-0.99958,279
3,3,3,1,2,-1.00887,536
3,3,3,1,3,0.11926,1333
3,3,3,1,4,-0.99961,825
3,3,3,2,0,-0.94860,358
3,3,3,2,1,0.27893,368
3,3,3,2,2,-0.88942,909
3,3,3,2,3,-0.95405,1795
3,3,3,2,4,0.70544,929
3,3,3,3,0,-0.25724,571
3,3,3,3,1,0.21541,496
3,3,3,3,2,-0.95288,1122
3,3,3,3,3,-0.88203,2584
3,3,3,3,4,-0.87911,2104
3,3,3,4,0,-0.05628,182
3,3,3,4,1,-0.51667,418
3,3,3,4,2,-0.13111,510
3,3,3,4,3,0.42279,1547
3,3,3,4,4,-0.27315,909
3,3,4,0,0,-0.97782,57
3,3,4,0,1,-0.98856,81
3,3,4,0,2,-0.96903,86
3,3,4,0,3,1.53346,222
3,3,4,0,4,-0.50276,93
3,3,4,1,0,-1.01265,1183
3,3,4,1,1,0.11183,1394
3,3,4,1,2,-1.01557,1044
3,3,4,1,3,-1.01265,1848
3,3,4,1,4,-1.01686,1179
3,3,4,2,0,-0.94193,1603
3,3,4,2,1,-0.83943,1622
3,3,4,2,2,-0.90606,1136
3,3,4,2,3,-0.42039,1851
3,3,4,2,4,0.48151,1439
3,3,4,3,0,-0.85274,1581
3,3,4,3,1,-0.55638,1621
3,3,4,3,2,-0.93235,1764
3,3,4,3,3,-0.84296,2176
3,3,4,3,4,-0.79057,1648
3,3,4,4,0,-0.25530,1337
3,3,4,4,1,-0.91766,1385
3,3,4,4,2,-0.98186,1187
3,3,4,4,3,-0.78000,1653
3,3,4,4,4,-0.70092,1121
3,4,0,0,0,0.23209,0
3,4,0,0,1,0.07171,0
3,4,0,0,2,0.91412,0
3,4,0,0,3,0.84174,0
3,4,0,0,4,0.56597,0
3,4,0,1,0,0.35797,0
3,4,0,1,1,0.18490,4
3,4,0,1,2,1.62497,8
3,4,0,1,3,0.79630,0
3,4,0,1,4,0.55848,0
3,4,0,2,0,0.66691,0
3,4,0,2,1,0.66973,0
3,4,0,2,2,0.24749,0
3,4,0,2,3,0.61685,0
3,4,0,2,4,0.56612,0
3,4,0,3,0,0.94209,0
3,4,0,3,1,0.49719,0
3,4,0,3,2,2.04833,7
3,4,0,3,3,0.65818,0
3,4,0,3,4,0.16574,0
3,4,0,4,0,0.09086,0
3,4,0,4,1,0.88249,0
3,4,0,4,2,2.34407,3
3,4,0,4,3,0.65279,0
3,4,0,4,4,0.62437,0
3,4,1,0,0,0.41918,0
3,4,1,0,1,0.71819,0
3,4,1,0,2,0.56975,0
3,4,1,0,3,0.32098,0
3,4,1,0,4,0.48423,0
3,4,1,1,0,0.78415,0
3,4,1,1,1,0.76104,163
3,4,1,1,2,0.14420,0
3,4,1,1,3,0.29764,0
3,4,1,1,4,0.71128,0
3,4,1,2,0,0.40289,0
3,4,1,2,1,3.31242,291
3,4,1,2,2,0.84988,0
3,4,1,2,3,0.96298,0
3,4,1,2,4,3.08323,4
3,4,1,3,0,0.03520,0
3,4,1,3,1,-0.04443,249
3,4,1,3,2,0.02273,0
3,4,1,3,3,1.07891,3
3,4,1,3,4,0.88133,0
3,4,1,4,0,0.38921,0
3,4,1,4,1,-0.77171,306
3,4,1,4,2,0.32822,0
3,4,1,4,3,0.98281,2
3,4,1,4,4,0.38437,0
3,4,2,0,0,0.06050,2
3,4,2,0,1,0.41752,7
3,4,2,0,2,0.47188,0
3,4,2,0,3,0.77450,2
3,4,2,0,4,0.13658,3
3,4,2,1,0,1.87932,3
3,4,2,1,1,-0.27799,28
3,4,2,1,2,2.39440,4
3,4,2,1,3,-0.24299,25
3,4,2,1,4,1.47560,4
3,4,2,2,0,0.76489,0
3,4,2,2,1,1.50117,10
3,4,2,2,2,0.16295,0
3,4,2,2,3,-0.31182,105
3,4,2,2,4,0.62992,0
3,4,2,3,0,0.11339,0
3,4,2,3,1,1.97501,42
3,4,2,3,2,0.07303,0
3,4,2,3,3,0.22327,145
3,4,2,3,4,0.17379,0
3,4,2,4,0,0.22369,0
3,4,2,4,1,1.87184,22
3,4,2,4,2,0.18700,0
3,4,2,4,3,1.26674,30
3,4,2,4,4,1.20765,2
3,4,3,0,0,0.89806,0
3,4,3,0,1,-0.07018,5
3,4,3,0,2,0.97706,0
3,4,3,0,3,0.28039,0
3,4,3,0,4,1.40761,5
3,4,3,1,0,0.15357,0
3,4,3,1,1,-0.76052,3
3,4,3,1,2,0.21880,18
3,4,3,1,3,0.43273,0
3,4,3,1,4,-0.80537,100
3,4,3,2,0,2.68052,7
3,4,3,2,1,-0.15669,18
3,4,3,2,2,2.12514,24
3,4,3,2,3,-0.77466,11
3,4,3,2,4,0.10860,200
3,4,3,3,0,0.19089,0
3,4,3,3,1,0.26294,10
3,4,3,3,2,-0.84290,14
3,4,3,3,3,-0.89559,11
3,4,3,3,4,-0.81505,103
3,4,3,4,0,0.68212,0
3,4,3,4,1,0.64314,16
3,4,3,4,2,1.72078,7
3,4,3,4,3,1.49301,46
3,4,3,4,4,1.83559,248
3,4,4,0,0,-0.02779,19
3,4,4,0,1,-0.07202,6
3,4,4,0,2,-0.54202,35
3,4,4,0,3,0.52307,31
3,4,4,0,4,-0.19201,7
3,4,4,1,0,-1.00939,30
3,4,4,1,1,-0.99958,26
3,4,4,1,2,-0.99848,105
3,4,4,1,3,-1.01220,87
3,4,4,1,4,-0.99845,28
3,4,4,2,0,0.19360,33
3,4,4,2,1,-0.42842,17
3,4,4,2,2,0.04124,29
3,4,4,2,3,-0.83292,53
3,4,4,2,4,-0.60873,15
3,4,4,3,0,1.95664,179
3,4,4,3,1,1.73534,2
3,4,4,3,2,1.22499,27
3,4,4,3,3,0.98162,130
3,4,4,3,4,1.24781,12
3,4,4,4,0,-0.32391,228
3,4,4,4,1,1.48019,11
3,4,4,4,2,-0.84922,52
3,4,4,4,3,2.44116,408
3,4,4,4,4,2.88292,43
4,0,0,0,0,0.23129,0
4,0,0,0,1,0.58278,0
4,0,0,0,2,0.05062,0
4,0,0,0,3,0.78062,0
4,0,0,0,4,0.69524,0
4,0,0,1,0,0.96848,0
4,0,0,1,1,0.29921,0
4,0,0,1,2,0.81096,0
4,0,0,1,3,0.59515,0
4,0,0,1,4,0.87519,0
4,0,0,2,0,0.79257,0
4,0,0,2,1,0.71592,0
4,0,0,2,2,0.45107,0
4,0,0,2,3,0.12554,0
4,0,0,2,4,0.20083,0
4,0,0,3,0,0.41559,0
4,0,0,3,1,0.30516,0
4,0,0,3,2,1.47704,6
4,0,0,3,3,1.49390,130
4,0,0,3,4,0.65854,0
4,0,0,4,0,0.39892,0
4,0,0,4,1,0.94529,0
4,0,0,4,2,0.13523,0
4,0,0,4,3,1.67249,1
4,0,0,4,4,4.32205,3
4,0,1,0,0,0.00980,4
4,0,1,0,1,-0.18197,5
4,0,1,0,2,-0.14836,4
4,0,1,0,3,0.00383,0
4,0,1,0,4,0.03275,3
4,0,1,1,0,2.10583,696
4,0,1,1,1,1.15029,328
4,0,1,1,2,0.88213,65
4,0,1,1,3,0.02270,447
4,0,1,1,4,2.52161,1509
4,0,1,2,0,1.03834,1606
4,0,1,2,1,4.79315,898
4,0,1,2,2,1.86313,437
4,0,1,2,3,6.96226,2380
4,0,1,2,4,2.05946,8945
4,0,1,3,0,2.08125,1956
4,0,1,3,1,0.23390,993
4,0,1,3,2,4.94082,430
4,0,1,3,3,0.74485,2662
4,0,1,3,4,2.14899,10272
4,0,1,4,0,3.74134,456
4,0,1,4,1,5.03250,331
4,0,1,4,2,3.08290,247
4,0,1,4,3,2.42322,742
4,0,1,4,4,7.99839,3273
4,0,2,0,0,0.61773,0
4,0,2,0,1,0.44707,0
4,0,2,0,2,0.24298,0
4,0,2,0,3,0.67990,0
4,0,2,0,4,0.32977,0
4,0,2,1,0,2.34579,22
4,0,2,1,1,1.59829,495
4,0,2,1,2,2.68636,47
4,0,2,1,3,2.92100,1123
4,0,2,1,4,2.44482,20
4,0,2,2,0,2.60284,96
4,0,2,2,1,0.76177,912
4,0,2,2,2,2.43747,209
4,0,2,2,3,1.75557,5083
4,0,2,2,4,1.24283,65
4,0,2,3,0,0.52539,133
4,0,2,3,1,2.86099,1502
4,0,2,3,2,2.94599,302
4,0,2,3,3,3.21257,6388
4,0,2,3,4,3.93926,127
4,0,2,4,0,1.78780,46
4,0,2,4,1,1.28348,723
4,0,2,4,2,2.45320,47
4,0,2,4,3,1.42919,1728
4,0,2,4,4,2.01283,16
4,0,3,0,0,0.77722,0
4,0,3,0,1,0.93517,0
4,0,3,0,2,0.26713,0
4,0,3,0,3,0.57418,0
4,0,3,0,4,0.15891,0
4,0,3,1,0,-0.84233,52
4,0,3,1,1,-0.84068,894
4,0,3,1,2,-0.78212,102
4,0,3,1,3,-0.79974,480
4,0,3,1,4,-0.76701,134
4,0,3,2,0,-0.62717,427
4,0,3,2,1,1.43353,2665
4,0,3,2,2,0.34191,644
4,0,3,2,3,1.82730,2042
4,0,3,2,4,0.59487,566
4,0,3,3,0,-0.95847,488
4,0,3,3,1,1.01271,3102
4,0,3,3,2,0.82152,900
4,0,3,3,3,0.97777,2575
4,0,3,3,4,-0.02964,741
4,0,3,4,0,-0.80380,149
4,0,3,4,1,1.55060,1106
4,0,3,4,2,1.89276,224
4,0,3,4,3,2.04898,643
4,0,3,4,4,2.85682,228
4,0,4,0,0,0.24033,0
4,0,4,0,1,0.16441,0
4,0,4,0,2,1.35971,2
4,0,4,0,3,1.49374,8
4,0,4,0,4,0.85763,0
4,0,4,1,0,-0.99928,274
4,0,4,1,1,-0.99881,320
4,0,4,1,2,-0.97131,771
4,0,4,1,3,-0.19924,2032
4,0,4,1,4,-0.98842,779
4,0,4,2,0,0.10870,1167
4,0,4,2,1,-0.99743,1538
4,0,4,2,2,-0.42155,4195
4,0,4,2,3,0.47003,8519
4,0,4,2,4,-0.22873,4133
4,0,4,3,0,0.29867,1338
4,0,4,3,1,-0.39161,1539
4,0,4,3,2,-0.46298,4826
4,0,4,3,3,0.47270,10457
4,0,4,3,4,-0.28395,3922
4,0,4,4,0,0.88443,307
4,0,4,4,1,0.24553,441
4,0,4,4,2,1.52235,1343
4,0,4,4,3,1.55797,2581
4,0,4,4,4,2.36313,1372
4,1,0,0,0,0.92567,0
4,1,0,0,1,0.40738,0
4,1,0,0,2,0.72166,0
4,1,0,0,3,0.72637,0
4,1,0,0,4,0.47951,0
4,1,0,1,0,1.63796,183
4,1,0,1,1,3.98131,12
4,1,0,1,2,0.29853,12
4,1,0,1,3,1.62932,13
4,1,0,1,4,0.85061,0
4,1,0,2,0,0.29440,842
4,1,0,2,1,1.08927,67
4,1,0,2,2,1.09597,11
4,1,0,2,3,-0.01913,306
4,1,0,2,4,0.11903,4
4,1,0,3,0,-0.13447,954
4,1,0,3,1,1.25813,24
4,1,0,3,2,1.58587,25
4,1,0,3,3,2.70866,263
4,1,0,3,4,0.94488,19
4,1,0,4,0,1.31493,112
4,1,0,4,1,0.50485,0
4,1,0,4,2,0.23992,0
4,1,0,4,3,2.68825,6
4,1,0,4,4,0.88084,3
4,1,1,0,0,-0.17305,4
4,1,1,0,1,-0.14972,9
4,1,1,0,2,-0.15805,15
4,1,1,0,3,0.69648,66
4,1,1,0,4,-0.27910,5
4,1,1,1,0,0.12215,235
4,1,1,1,1,2.20702,987
4,1,1,1,2,0.54845,1880
4,1,1,1,3,3.50166,5150
4,1,1,1,4,3.33555,1624
4,1,1,2,0,1.88604,1016
4,1,1,2,1,0.41673,3804
4,1,1,2,2,1.00854,6997
4,1,1,2,3,0.43604,27815
4,1,1,2,4,0.91472,4138
4,1,1,3,0,0.07302,1684
4,1,1,3,1,-0.54131,5766
4,1,1,3,2,-0.79443,10058
4,1,1,3,3,0.52845,37964
4,1,1,3,4,-0.46207,4611
4,1,1,4,0,1.44519,231
4,1,1,4,1,0.38517,1261
4,1,1,4,2,0.30981,2250
4,1,1,4,3,3.53050,8380
4,1,1,4,4,3.37400,1154
4,1,2,0,0,-0.54401,7
4,1,2,0,1,0.72343,62
4,1,2,0,2,-0.52250,8
4,1,2,0,3,-0.64622,13
4,1,2,0,4,-0.57302,11
4,1,2,1,0,2.81240,944
4,1,2,1,1,1.43868,11080
4,1,2,1,2,1.44036,1194
4,1,2,1,3,1.44301,1196
4,1,2,1,4,2.22480,181
4,1,2,2,0,2.77640,5140
4,1,2,2,1,2.06423,97247
4,1,2,2,2,2.61200,6147
4,1,2,2,3,2.69002,6935
4,1,2,2,4,2.25336,1036
4,1,2,3,0,1.16681,5315
4,1,2,3,1,1.69251,109844
4,1,2,3,2,1.82794,7793
4,1,2,3,3,1.79028,8142
4,1,2,3,4,1.05370,1017
4,1,2,4,0,1.83977,1347
4,1,2,4,1,-0.91049,18567
4,1,2,4,2,1.66786,2178
4,1,2,4,3,1.80550,1673
4,1,2,4,4,1.07403,232
4,1,3,0,0,-0.97529,12
4,1,3,0,1,-0.89369,33
4,1,3,0,2,-0.98453,31
4,1,3,0,3,-0.83765,146
4,1,3,0,4,-0.98126,281
4,1,3,1,0,-0.99995,1141
4,1,3,1,1,-0.99995,5017
4,1,3,1,2,-0.99997,2149
4,1,3,1,3,-0.57926,6753
4,1,3,1,4,-0.99994,2240
4,1,3,2,0,-0.97559,5933
4,1,3,2,1,-0.16969,40780
4,1,3,2,2,-0.61124,8932
4,1,3,2,3,2.54284,78439
4,1,3,2,4,-0.48165,8729
4,1,3,3,0,-0.51091,7237
4,1,3,3,1,1.11166,51243
4,1,3,3,2,1.48205,9913
4,1,3,3,3,1.79260,94125
4,1,3,3,4,1.65858,9803
4,1,3,4,0,2.28928,2079
4,1,3,4,1,1.35735,9034
4,1,3,4,2,2.42648,2731
4,1,3,4,3,2.20797,14253
4,1,3,4,4,2.14996,2773
4,1,4,0,0,-0.31267,51
4,1,4,0,1,-0.96042,66
4,1,4,0,2,-0.92476,84
4,1,4,0,3,0.22357,275
4,1,4,0,4,-0.19465,753
4,1,4,1,0,-1.00494,4387
4,1,4,1,1,-1.03390,5202
4,1,4,1,2,-0.13066,6744
4,1,4,1,3,0.21094,18618
4,1,4,1,4,-1.00000,8656
4,1,4,2,0,0.08342,22894
4,1,4,2,1,0.09226,30259
4,1,4,2,2,-0.08455,42275
4,1,4,2,3,0.36761,183773
4,1,4,2,4,-0.00986,32521
4,1,4,3,0,-0.28393,25161
4,1,4,3,1,-0.36718,32936
4,1,4,3,2,-0.74642,50975
4,1,4,3,3,1.91627,222897
4,1,4,3,4,-0.99666,34546
4,1,4,4,0,-0.80377,6634
4,1,4,4,1,-0.77145,7068
4,1,4,4,2,0.84252,11135
4,1,4,4,3,1.41235,33121
4,1,4,4,4,0.54981,8698
4,2,0,0,0,0.34253,0
4,2,0,0,1,0.27108,0
4,2,0,0,2,0.38156,0
4,2,0,0,3,0.93548,0
4,2,0,0,4,0.86795,0
4,2,0,1,0,0.33850,0
4,2,0,1,1,0.01955,0
4,2,0,1,2,0.36171,2
4,2,0,1,3,1.22157,210
4,2,0,1,4,0.32832,0
4,2,0,2,0,0.36232,2
4,2,0,2,1,1.15696,73
4,2,0,2,2,1.12558,4
4,2,0,2,3,2.49457,635
4,2,0,2,4,3.99937,64
4,2,0,3,0,2.16547,19
4,2,0,3,1,0.83151,18
4,2,0,3,2,2.91217,26
4,2,0,3,3,2.21430,1060
4,2,0,3,4,1.61907,20
4,2,0,4,0,2.69388,3
4,2,0,4,1,3.04534,71
4,2,0,4,2,3.03195,11
4,2,0,4,3,2.62694,318
4,2,0,4,4,2.72712,7
4,2,1,0,0,0.96965,1
4,2,1,0,1,0.40345,1
4,2,1,0,2,1.34430,18
4,2,1,0,3,2.02480,11
4,2,1,0,4,0.45907,0
4,2,1,1,0,1.37710,425
4,2,1,1,1,2.50148,251
4,2,1,1,2,1.22834,179
4,2,1,1,3,1.25470,4648
4,2,1,1,4,3.67239,61
4,2,1,2,0,2.72353,1718
4,2,1,2,1,2.62072,567
4,2,1,2,2,1.57096,451
4,2,1,2,3,0.38666,31554
4,2,1,2,4,2.32376,330
4,2,1,3,0,2.33372,2022
4,2,1,3,1,1.21793,599
4,2,1,3,2,2.15410,586
4,2,1,3,3,0.30491,35334
4,2,1,3,4,1.93517,645
4,2,1,4,0,3.05641,782
4,2,1,4,1,1.57959,262
4,2,1,4,2,2.81271,162
4,2,1,4,3,1.53984,8576
4,2,1,4,4,2.39645,196
4,2,2,0,0,-0.74977,18
4,2,2,0,1,1.25004,45
4,2,2,0,2,-0.74667,28
4,2,2,0,3,-0.74910,62
4,2,2,0,4,-0.71296,48
4,2,2,1,0,1.43504,84
4,2,2,1,1,1.35099,8818
4,2,2,1,2,1.51992,1063
4,2,2,1,3,0.00514,5807
4,2,2,1,4,0.34013,1047
4,2,2,2,0,-0.19122,331
4,2,2,2,1,1.23610,68154
4,2,2,2,2,-0.14956,6941
4,2,2,2,3,-0.19139,37127
4,2,2,2,4,0.07815,1616
4,2,2,3,0,0.43592,399
4,2,2,3,1,1.05892,77041
4,2,2,3,2,0.43706,8305
4,2,2,3,3,0.43599,41408
4,2,2,3,4,0.91465,2641
4,2,2,4,0,-0.37093,119
4,2,2,4,1,0.34653,12559
4,2,2,4,2,-0.66928,954
4,2,2,4,3,-0.98742,9983
4,2,2,4,4,-0.99374,1118
4,2,3,0,0,-0.99969,90
4,2,3,0,1,-0.99795,71
4,2,3,0,2,-0.99906,78
4,2,3,0,3,-0.99808,127
4,2,3,0,4,-0.99891,135
4,2,3,1,0,-1.00000,2917
4,2,3,1,1,-0.90128,3371
4,2,3,1,2,-0.99999,1498
4,2,3,1,3,-1.00000,3288
4,2,3,1,4,-1.00000,1436
4,2,3,2,0,1.86201,14407
4,2,3,2,1,3.22842,21591
4,2,3,2,2,1.77441,5909
4,2,3,2,3,1.93305,16178
4,2,3,2,4,1.24417,4419
4,2,3,3,0,2.16347,19620
4,2,3,3,1,1.17684,29239
4,2,3,3,2,2.16865,7126
4,2,3,3,3,3.41346,19632
4,2,3,3,4,3.21794,4997
4,2,3,4,0,1.03262,4960
4,2,3,4,1,1.82249,6193
4,2,3,4,2,2.51396,1867
4,2,3,4,3,-0.48775,5040
4,2,3,4,4,0.03702,1435
4,2,4,0,0,-0.50396,209
4,2,4,0,1,-0.77303,216
4,2,4,0,2,-0.54333,315
4,2,4,0,3,0.18508,415
4,2,4,0,4,-1.00000,670
4,2,4,1,0,-1.00000,6412
4,2,4,1,1,-1.00000,7127
4,2,4,1,2,-0.10022,12612
4,2,4,1,3,-0.75012,14659
4,2,4,1,4,-1.00000,8840
4,2,4,2,0,0.83764,56368
4,2,4,2,1,0.59154,27224
4,2,4,2,2,0.54252,59364
4,2,4,2,3,0.37576,122343
4,2,4,2,4,1.11685,30350
4,2,4,3,0,-0.23692,32092
4,2,4,3,1,0.25788,30693
4,2,4,3,2,-0.12265,75960
4,2,4,3,3,0.26199,77886
4,2,4,3,4,0.67226,31375
4,2,4,4,0,-0.79219,10466
4,2,4,4,1,1.96920,7608
4,2,4,4,2,0.51676,16135
4,2,4,4,3,2.09350,22813
4,2,4,4,4,2.82088,8313
4,3,0,0,0,0.86004,0
4,3,0,0,1,0.11052,0
4,3,0,0,2,0.09503,0
4,3,0,0,3,0.83121,0
4,3,0,0,4,0.47646,0
4,3,0,1,0,1.20470,17
4,3,0,1,1,-0.01508,4
4,3,0,1,2,0.17469,0
4,3,0,1,3,0.96234,0
4,3,0,1,4,2.14839,9
4,3,0,2,0,3.21007,197
4,3,0,2,1,-0.13232,11
4,3,0,2,2,-0.13275,13
4,3,0,2,3,-0.05366,2
4,3,0,2,4,0.15629,1
4,3,0,3,0,1.19686,127
4,3,0,3,1,0.82485,13
4,3,0,3,2,2.22041,101
4,3,0,3,3,0.86380,32
4,3,0,3,4,1.85522,8
4,3,0,4,0,2.58199,119
4,3,0,4,1,-0.07111,7
4,3,0,4,2,0.73054,0
4,3,0,4,3,0.77349,0
4,3,0,4,4,3.99999,95
4,3,1,0,0,0.47575,0
4,3,1,0,1,0.84862,81
4,3,1,0,2,0.96023,0
4,3,1,0,3,0.46125,0
4,3,1,0,4,-0.97408,68
4,3,1,1,0,3.01379,9
4,3,1,1,1,2.71534,19
4,3,1,1,2,1.49728,514
4,3,1,1,3,3.27809,54
4,3,1,1,4,2.77086,170
4,3,1,2,0,2.70001,80
4,3,1,2,1,3.90433,92
4,3,1,2,2,2.66331,1746
4,3,1,2,3,4.00000,85
4,3,1,2,4,4.00000,272
4,3,1,3,0,3.69666,20
4,3,1,3,1,3.02946,40
4,3,1,3,2,3.48482,3292
4,3,1,3,3,3.12055,146
4,3,1,3,4,3.31310,647
4,3,1,4,0,3.55480,16
4,3,1,4,1,2.30235,116
4,3,1,4,2,3.07566,1396
4,3,1,4,3,2.52911,87
4,3,1,4,4,2.04041,438
4,3,2,0,0,-0.55141,19
4,3,2,0,1,-0.47808,28
4,3,2,0,2,-0.48364,19
4,3,2,0,3,-0.38004,31
4,3,2,0,4,-0.63706,36
4,3,2,1,0,-0.64775,378
4,3,2,1,1,0.23963,44
4,3,2,1,2,0.70460,475
4,3,2,1,3,2.51577,764
4,3,2,1,4,0.28649,1501
4,3,2,2,0,1.05412,359
4,3,2,2,1,-0.02616,60
4,3,2,2,2,0.49407,1250
4,3,2,2,3,-0.51466,2141
4,3,2,2,4,1.89110,1715
4,3,2,3,0,0.51781,1444
4,3,2,3,1,0.83075,98
4,3,2,3,2,0.32603,2002
4,3,2,3,3,0.12920,3667
4,3,2,3,4,1.35092,3240
4,3,2,4,0,0.65324,1131
4,3,2,4,1,-0.87687,65
4,3,2,4,2,1.69197,857
4,3,2,4,3,0.25890,2261
4,3,2,4,4,-0.99572,1791
4,3,3,0,0,-0.89017,24
4,3,3,0,1,-0.96769,31
4,3,3,0,2,-0.96781,35
4,3,3,0,3,-0.95999,74
4,3,3,0,4,-0.89070,106
4,3,3,1,0,0.57793,1038
4,3,3,1,1,-0.99999,586
4,3,3,1,2,-1.00000,497
4,3,3,1,3,-1.00000,828
4,3,3,1,4,-0.99998,1686
4,3,3,2,0,-0.85175,1309
4,3,3,2,1,0.20259,658
4,3,3,2,2,0.30934,566
4,3,3,2,3,1.38769,1606
4,3,3,2,4,0.54280,1750
4,3,3,3,0,0.13818,1675
4,3,3,3,1,0.38192,1181
4,3,3,3,2,-0.77217,1069
4,3,3,3,3,-0.12107,2954
4,3,3,3,4,0.13782,1695
4,3,3,4,0,0.76298,791
4,3,3,4,1,-0.71037,493
4,3,3,4,2,-0.91662,744
4,3,3,4,3,1.25187,1268
4,3,3,4,4,-0.95921,1149
4,3,4,0,0,-0.31138,201
4,3,4,0,1,-0.69934,229
4,3,4,0,2,-0.73578,195
4,3,4,0,3,-0.88622,437
4,3,4,0,4,-0.39318,248
4,3,4,1,0,-1.00000,4086
4,3,4,1,1,-1.00000,4849
4,3,4,1,2,-0.74405,6386
4,3,4,1,3,-1.00000,8024
4,3,4,1,4,-1.00000,4136
4,3,4,2,0,-0.74835,4385
4,3,4,2,1,-0.63541,6709
4,3,4,2,2,0.78399,9977
4,3,4,2,3,-0.02082,11178
4,3,4,2,4,-0.02776,4705
4,3,4,3,0,0.35209,6584
4,3,4,3,1,-0.22112,8811
4,3,4,3,2,0.50018,13937
4,3,4,3,3,0.37552,14071
4,3,4,3,4,0.50069,5083
4,3,4,4,0,-0.04254,6585
4,3,4,4,1,0.36255,6576
4,3,4,4,2,1.77209,7705
4,3,4,4,3,-0.62865,10931
4,3,4,4,4,-0.84386,2906
4,4,0,0,0,0.17298,0
4,4,0,0,1,0.22337,0
4,4,0,0,2,0.03909,0
4,4,0,0,3,0.61816,0
4,4,0,0,4,0.77153,0
4,4,0,1,0,0.69271,0
4,4,0,1,1,0.51663,0
4,4,0,1,2,0.31977,0
4,4,0,1,3,0.20550,0
4,4,0,1,4,0.33026,0
4,4,0,2,0,0.58805,0
4,4,0,2,1,0.72135,0
4,4,0,2,2,0.16863,0
4,4,0,2,3,0.04590,0
4,4,0,2,4,0.12651,0
4,4,0,3,0,0.77754,0
4,4,0,3,1,0.91671,0
4,4,0,3,2,0.10890,0
4,4,0,3,3,0.60041,0
4,4,0,3,4,0.39645,0
4,4,0,4,0,2.60663,3
4,4,0,4,1,0.65080,0
4,4,0,4,2,0.49876,0
4,4,0,4,3,0.56285,0
4,4,0,4,4,3.99999,73
4,4,1,0,0,0.42349,0
4,4,1,0,1,0.69263,0
4,4,1,0,2,0.44497,0
4,4,1,0,3,0.32101,0
4,4,1,0,4,0.82605,0
4,4,1,1,0,0.24975,0
4,4,1,1,1,0.95990,0
4,4,1,1,2,0.87451,0
4,4,1,1,3,0.39486,0
4,4,1,1,4,0.68880,0
4,4,1,2,0,0.09407,0
4,4,1,2,1,-0.03048,3
4,4,1,2,2,0.66314,0
4,4,1,2,3,1.52930,5
4,4,1,2,4,2.98072,37
4,4,1,3,0,3.03726,3
4,4,1,3,1,1.04436,1
4,4,1,3,2,0.07833,0
4,4,1,3,3,0.79692,0
4,4,1,3,4,-0.15305,324
4,4,1,4,0,0.12903,0
4,4,1,4,1,0.52329,0
4,4,1,4,2,0.33806,0
4,4,1,4,3,0.29059,4
4,4,1,4,4,2.19972,214
4,4,2,0,0,0.36538,0
4,4,2,0,1,0.31390,0
4,4,2,0,2,0.79897,0
4,4,2,0,3,0.55219,0
4,4,2,0,4,0.89118,0
4,4,2,1,0,0.08766,0
4,4,2,1,1,0.64183,0
4,4,2,1,2,0.15004,0
4,4,2,1,3,0.90748,0
4,4,2,1,4,-0.94276,339
4,4,2,2,0,0.43436,0
4,4,2,2,1,0.30840,0
4,4,2,2,2,0.21776,0
4,4,2,2,3,0.96887,0
4,4,2,2,4,0.86025,122
4,4,2,3,0,0.74123,0
4,4,2,3,1,0.81380,2
4,4,2,3,2,0.10250,0
4,4,2,3,3,1.20599,5
4,4,2,3,4,0.71205,453
4,4,2,4,0,0.09525,0
4,4,2,4,1,0.26788,1
4,4,2,4,2,0.59134,0
4,4,2,4,3,0.73911,0
4,4,2,4,4,0.35018,290
4,4,3,0,0,0.43154,13
4,4,3,0,1,-0.95370,6
4,4,3,0,2,0.85388,0
4,4,3,0,3,0.07224,0
4,4,3,0,4,0.59640,13
4,4,3,1,0,-0.87671,213
4,4,3,1,1,0.06091,37
4,4,3,1,2,-0.90708,52
4,4,3,1,3,-0.95066,44
4,4,3,1,4,-0.95150,71
4,4,3,2,0,0.36004,43
4,4,3,2,1,0.27094,0
4,4,3,2,2,-0.88409,25
4,4,3,2,3,0.46651,0
4,4,3,2,4,1.17625,7
4,4,3,3,0,1.10980,40
4,4,3,3,1,-0.17086,24
4,4,3,3,2,0.65462,27
4,4,3,3,3,0.98826,16
4,4,3,3,4,1.64949,15
4,4,3,4,0,0.61895,41
4,4,3,4,1,1.63238,33
4,4,3,4,2,0.11500,25
4,4,3,4,3,3.01494,7
4,4,3,4,4,1.49019,7
4,4,4,0,0,-0.41425,85
4,4,4,0,1,-0.65502,62
4,4,4,0,2,0.06102,76
4,4,4,0,3,0.60008,49
4,4,4,0,4,0.16870,26
4,4,4,1,0,-0.98628,405
4,4,4,1,1,-0.86516,220
4,4,4,1,2,-0.74606,306
4,4,4,1,3,-0.85828,351
4,4,4,1,4,-0.83181,87
4,4,4,2,0,-0.54579,104
4,4,4,2,1,-0.56124,96
4,4,4,2,2,-0.03751,112
4,4,4,2,3,0.55661,96
4,4,4,2,4,0.96779,137
4,4,4,3,0,0.04060,194
4,4,4,3,1,0.04630,146
4,4,4,3,2,0.37016,272
4,4,4,3,3,0.68494,157
4,4,4,3,4,0.04297,143
4,4,4,4,0,-0.70360,627
4,4,4,4,1,-0.51777,273
4,4,4,4,2,-0.58993,613
4,4,4,4,3,0.70418,401
4,4,4,4,4,1.00182,162
