3125
5
0,0,0,0,0,0.86147,0
0,0,0,0,1,0.36646,0
0,0,0,0,2,0.79034,0
0,0,0,0,3,0.52729,0
0,0,0,0,4,0.23342,0
0,0,0,1,0,0.49745,0
0,0,0,1,1,0.80687,0
0,0,0,1,2,0.41292,0
0,0,0,1,3,0.44850,0
0,0,0,1,4,0.92489,0
0,0,0,2,0,0.69946,0
0,0,0,2,1,0.45042,0
0,0,0,2,2,0.67256,0
0,0,0,2,3,0.13571,0
0,0,0,2,4,0.29439,0
0,0,0,3,0,0.70219,0
0,0,0,3,1,0.70878,0
0,0,0,3,2,0.36902,0
0,0,0,3,3,0.73665,0
0,0,0,3,4,0.16787,0
0,0,0,4,0,0.91582,0
0,0,0,4,1,0.76732,0
0,0,0,4,2,0.20060,0
0,0,0,4,3,0.99892,0
0,0,0,4,4,0.83073,0
0,0,1,0,0,0.48585,0
0,0,1,0,1,0.01938,0
0,0,1,0,2,0.49338,0
0,0,1,0,3,0.93835,0
0,0,1,0,4,0.49038,0
0,0,1,1,0,0.36287,0
0,0,1,1,1,-2.63516,6
0,0,1,1,2,0.28814,0
0,0,1,1,3,-3.03402,41
0,0,1,1,4,-2.42697,7
0,0,1,2,0,-2.54422,10
0,0,1,2,1,-0.86867,12
0,0,1,2,2,0.40302,1
0,0,1,2,3,-0.57689,78
0,0,1,2,4,-0.22839,9
0,0,1,3,0,0.32691,1
0,0,1,3,1,-3.61208,16
0,0,1,3,2,-2.81857,13
0,0,1,3,3,-3.36997,152
0,0,1,3,4,0.81994,5
0,0,1,4,0,-0.62736,3
0,0,1,4,1,-2.84310,15
0,0,1,4,2,0.13361,0
0,0,1,4,3,-2.65778,75
0,0,1,4,4,-1.09845,9
0,0,2,0,0,0.80493,0
0,0,2,0,1,0.31450,0
0,0,2,0,2,0.25154,0
0,0,2,0,3,0.21088,0
0,0,2,0,4,0.71702,0
0,0,2,1,0,0.68302,45
0,0,2,1,1,6.69273,17
0,0,2,1,2,1.67989,4
0,0,2,1,3,7.72743,37
0,0,2,1,4,0.85863,0
0,0,2,2,0,-3.48967,63
0,0,2,2,1,-3.48972,39
0,0,2,2,2,-1.68853,5
0,0,2,2,3,-3.32469,77
0,0,2,2,4,-1.38871,10
0,0,2,3,0,-2.07805,83
0,0,2,3,1,-1.93612,45
0,0,2,3,2,-0.97493,12
0,0,2,3,3,-2.39542,66
0,0,2,3,4,2.34106,14
0,0,2,4,0,-1.87920,57
0,0,2,4,1,0.94689,14
0,0,2,4,2,-1.62928,1
0,0,2,4,3,-1.55998,50
0,0,2,4,4,0.02415,0
0,0,3,0,0,0.29114,0
0,0,3,0,1,0.27551,0
0,0,3,0,2,0.15606,0
0,0,3,0,3,0.37880,0
0,0,3,0,4,0.39791,0
0,0,3,1,0,-1.66578,6
0,0,3,1,1,-1.04935,19
0,0,3,1,2,-1.00543,9
0,0,3,1,3,-1.25837,48
0,0,3,1,4,-1.27396,49
0,0,3,2,0,-0.37656,2
0,0,3,2,1,-3.03478,46
0,0,3,2,2,-1.22108,9
0,0,3,2,3,-2.89328,71
0,0,3,2,4,-2.90144,35
0,0,3,3,0,0.43745,1
0,0,3,3,1,-1.11998,75
0,0,3,3,2,-1.34352,18
0,0,3,3,3,-0.96477,77
0,0,3,3,4,-3.37886,61
0,0,3,4,0,0.68317,0
0,0,3,4,1,-2.61615,33
0,0,3,4,2,-2.35656,7
0,0,3,4,3,-2.82362,48
0,0,3,4,4,-2.28230,17
0,0,4,0,0,0.81667,0
0,0,4,0,1,0.97574,0
0,0,4,0,2,0.97438,0
0,0,4,0,3,0.35063,0
0,0,4,0,4,0.31044,0
0,0,4,1,0,-3.02217,5
0,0,4,1,1,-3.33616,14
0,0,4,1,2,-3.24683,11
0,0,4,1,3,-1.62690,69
0,0,4,1,4,-3.43621,22
0,0,4,2,0,-3.07774,6
0,0,4,2,1,-3.02258,98
0,0,4,2,2,-3.18488,10
0,0,4,2,3,-3.67219,218
0,0,4,2,4,-3.18267,157
0,0,4,3,0,-2.78553,28
0,0,4,3,1,-2.84349,126
0,0,4,3,2,-3.06688,12
0,0,4,3,3,-3.48097,254
0,0,4,3,4,-3.13227,123
0,0,4,4,0,0.50469,3
0,0,4,4,1,-3.43683,33
0,0,4,4,2,0.83094,0
0,0,4,4,3,-3.38106,59
0,0,4,4,4,-3.29286,25
0,1,0,0,0,0.57500,0
0,1,0,0,1,0.41913,0
0,1,0,0,2,0.86772,0
0,1,0,0,3,0.64747,0
0,1,0,0,4,0.21399,0
0,1,0,1,0,-0.36870,3
0,1,0,1,1,0.37191,0
0,1,0,1,2,0.41080,0
0,1,0,1,3,0.52962,0
0,1,0,1,4,0.13101,0
0,1,0,2,0,4.15054,122
0,1,0,2,1,3.72202,26
0,1,0,2,2,3.26048,262
0,1,0,2,3,3.76236,12
0,1,0,2,4,3.75297,27
0,1,0,3,0,8.64631,259
0,1,0,3,1,-0.23092,49
0,1,0,3,2,1.28616,254
0,1,0,3,3,0.16887,47
0,1,0,3,4,-0.07157,48
0,1,0,4,0,8.29373,57
0,1,0,4,1,9.34866,20
0,1,0,4,2,8.22436,74
0,1,0,4,3,9.43348,17
0,1,0,4,4,9.35804,17
0,1,1,0,0,0.56686,0
0,1,1,0,1,0.26330,6
0,1,1,0,2,0.10724,0
0,1,1,0,3,0.68145,0
0,1,1,0,4,0.32314,0
0,1,1,1,0,-1.31642,7
0,1,1,1,1,-2.88102,80
0,1,1,1,2,-0.40329,5
0,1,1,1,3,-2.78940,152
0,1,1,1,4,-0.86194,12
0,1,1,2,0,-0.26124,58
0,1,1,2,1,1.44566,373
0,1,1,2,2,1.95721,41
0,1,1,2,3,-0.06619,747
0,1,1,2,4,1.20186,7
0,1,1,3,0,1.87076,31
0,1,1,3,1,-2.51518,289
0,1,1,3,2,1.62507,74
0,1,1,3,3,-2.24185,735
0,1,1,3,4,0.16647,27
0,1,1,4,0,-0.10294,1
0,1,1,4,1,-3.05574,156
0,1,1,4,2,-1.91274,7
0,1,1,4,3,-2.84246,342
0,1,1,4,4,0.69107,0
0,1,2,0,0,0.59894,0
0,1,2,0,1,0.47721,0
0,1,2,0,2,0.32636,0
0,1,2,0,3,0.16678,0
0,1,2,0,4,0.06145,0
0,1,2,1,0,7.73456,98
0,1,2,1,1,-2.95342,4
0,1,2,1,2,0.61317,13
0,1,2,1,3,5.07318,157
0,1,2,1,4,-0.41292,21
0,1,2,2,0,-1.76750,353
0,1,2,2,1,-1.90679,62
0,1,2,2,2,3.41846,62
0,1,2,2,3,-1.41112,790
0,1,2,2,4,2.81118,40
0,1,2,3,0,2.33755,234
0,1,2,3,1,-0.60425,32
0,1,2,3,2,-1.78752,37
0,1,2,3,3,8.64266,706
0,1,2,3,4,-2.10855,70
0,1,2,4,0,-2.85230,73
0,1,2,4,1,2.12722,13
0,1,2,4,2,-0.90059,10
0,1,2,4,3,-2.61644,261
0,1,2,4,4,5.89283,26
0,1,3,0,0,-1.42305,9
0,1,3,0,1,-1.41341,4
0,1,3,0,2,-1.19891,4
0,1,3,0,3,-1.05451,13
0,1,3,0,4,-1.19893,4
0,1,3,1,0,-3.11755,59
0,1,3,1,1,0.26436,16
0,1,3,1,2,-1.84189,35
0,1,3,1,3,0.54756,128
0,1,3,1,4,-1.81604,26
0,1,3,2,0,-3.27858,143
0,1,3,2,1,-3.25891,63
0,1,3,2,2,1.37919,80
0,1,3,2,3,0.52221,430
0,1,3,2,4,3.25996,53
0,1,3,3,0,-2.85400,157
0,1,3,3,1,-1.72502,67
0,1,3,3,2,3.90811,98
0,1,3,3,3,-1.31699,504
0,1,3,3,4,0.52171,45
0,1,3,4,0,-2.09923,45
0,1,3,4,1,-2.13020,19
0,1,3,4,2,-2.05824,22
0,1,3,4,3,-3.25867,248
0,1,3,4,4,-2.86424,40
0,1,4,0,0,-1.29975,13
0,1,4,0,1,0.48413,0
0,1,4,0,2,0.91704,0
0,1,4,0,3,-3.52265,60
0,1,4,0,4,0.69118,4
0,1,4,1,0,-3.27001,54
0,1,4,1,1,-3.24751,31
0,1,4,1,2,-3.24751,44
0,1,4,1,3,-2.30959,414
0,1,4,1,4,-3.24751,24
0,1,4,2,0,-3.10463,179
0,1,4,2,1,-3.08213,79
0,1,4,2,2,2.56594,18
0,1,4,2,3,-2.78077,1412
0,1,4,2,4,1.79702,36
0,1,4,3,0,-3.07862,224
0,1,4,3,1,-2.72227,107
0,1,4,3,2,-2.71705,34
0,1,4,3,3,-3.31189,1642
0,1,4,3,4,-2.40892,45
0,1,4,4,0,-3.39872,73
0,1,4,4,1,-3.17010,44
0,1,4,4,2,-3.17010,26
0,1,4,4,3,-3.62045,291
0,1,4,4,4,-1.78118,18
0,2,0,0,0,0.06404,0
0,2,0,0,1,0.96340,0
0,2,0,0,2,0.07119,0
0,2,0,0,3,0.84703,0
0,2,0,0,4,0.07132,0
0,2,0,1,0,4.75503,147
0,2,0,1,1,3.92953,132
0,2,0,1,2,7.95080,16
0,2,0,1,3,5.99512,15
0,2,0,1,4,9.18604,18
0,2,0,2,0,-2.88508,812
0,2,0,2,1,-3.09407,1447
0,2,0,2,2,0.51504,123
0,2,0,2,3,0.42364,300
0,2,0,2,4,-1.10547,114
0,2,0,3,0,-2.92976,514
0,2,0,3,1,-2.98693,201
0,2,0,3,2,7.47240,41
0,2,0,3,3,8.42127,52
0,2,0,3,4,9.46628,19
0,2,0,4,0,0.86588,0
0,2,0,4,1,0.66587,0
0,2,0,4,2,0.80976,0
0,2,0,4,3,0.10978,0
0,2,0,4,4,0.05414,0
0,2,1,0,0,-0.33260,2
0,2,1,0,1,0.59839,0
0,2,1,0,2,0.25691,0
0,2,1,0,3,0.14811,5
0,2,1,0,4,0.45453,0
0,2,1,1,0,-0.91642,27
0,2,1,1,1,-0.97295,210
0,2,1,1,2,-1.52938,18
0,2,1,1,3,-0.54216,466
0,2,1,1,4,-1.85043,31
0,2,1,2,0,-0.98360,87
0,2,1,2,1,4.85442,452
0,2,1,2,2,0.11052,83
0,2,1,2,3,5.93352,944
0,2,1,2,4,2.61475,57
0,2,1,3,0,-0.98357,114
0,2,1,3,1,-3.06548,555
0,2,1,3,2,-1.36811,70
0,2,1,3,3,-2.85332,825
0,2,1,3,4,2.51626,138
0,2,1,4,0,-1.93714,65
0,2,1,4,1,-2.86618,142
0,2,1,4,2,-2.63142,14
0,2,1,4,3,-2.97648,327
0,2,1,4,4,-1.57521,37
0,2,2,0,0,-0.22041,5
0,2,2,0,1,-0.20034,2
0,2,2,0,2,0.16757,0
0,2,2,0,3,0.34798,8
0,2,2,0,4,0.44161,4
0,2,2,1,0,1.44251,196
0,2,2,1,1,2.72204,48
0,2,2,1,2,3.31872,51
0,2,2,1,3,2.14170,271
0,2,2,1,4,1.45253,64
0,2,2,2,0,-0.21649,357
0,2,2,2,1,-1.11701,153
0,2,2,2,2,-1.44745,82
0,2,2,2,3,-1.65151,572
0,2,2,2,4,-1.63533,54
0,2,2,3,0,-1.01997,437
0,2,2,3,1,-1.36165,88
0,2,2,3,2,-1.73647,70
0,2,2,3,3,-2.32632,709
0,2,2,3,4,0.83339,170
0,2,2,4,0,-1.87570,237
0,2,2,4,1,0.61754,80
0,2,2,4,2,0.91450,52
0,2,2,4,3,1.07712,397
0,2,2,4,4,0.47191,100
0,2,3,0,0,4.12300,5
0,2,3,0,1,0.41079,12
0,2,3,0,2,0.16938,0
0,2,3,0,3,-1.62968,24
0,2,3,0,4,2.41417,4
0,2,3,1,0,-2.76487,76
0,2,3,1,1,-2.76485,34
0,2,3,1,2,-3.01229,23
0,2,3,1,3,-1.55751,221
0,2,3,1,4,-2.76486,42
0,2,3,2,0,-2.63973,147
0,2,3,2,1,0.86339,77
0,2,3,2,2,1.11123,51
0,2,3,2,3,-1.35883,538
0,2,3,2,4,7.36000,23
0,2,3,3,0,-1.41332,219
0,2,3,3,1,-1.43597,97
0,2,3,3,2,-0.76167,55
0,2,3,3,3,-1.04257,697
0,2,3,3,4,-1.17149,72
0,2,3,4,0,-2.90036,104
0,2,3,4,1,5.05407,32
0,2,3,4,2,2.18149,35
0,2,3,4,3,-2.86574,311
0,2,3,4,4,1.94622,36
0,2,4,0,0,0.14555,8
0,2,4,0,1,0.14823,3
0,2,4,0,2,-3.32428,6
0,2,4,0,3,-2.64725,69
0,2,4,0,4,0.43624,0
0,2,4,1,0,-3.07626,41
0,2,4,1,1,-3.30079,33
0,2,4,1,2,-3.02739,37
0,2,4,1,3,-3.41502,341
0,2,4,1,4,-2.95317,58
0,2,4,2,0,-2.83722,77
0,2,4,2,1,-2.02015,157
0,2,4,2,2,-3.06457,239
0,2,4,2,3,-3.16456,1406
0,2,4,2,4,-3.32135,242
0,2,4,3,0,-0.87535,87
0,2,4,3,1,-2.51820,112
0,2,4,3,2,-2.90296,213
0,2,4,3,3,-2.84854,1291
0,2,4,3,4,-3.30004,390
0,2,4,4,0,-1.39648,40
0,2,4,4,1,-2.79175,56
0,2,4,4,2,-2.68639,101
0,2,4,4,3,-2.93249,571
0,2,4,4,4,-2.72551,214
0,3,0,0,0,-2.41928,55
0,3,0,0,1,-2.40699,25
0,3,0,0,2,-2.65101,26
0,3,0,0,3,-2.41264,38
0,3,0,0,4,-2.41027,16
0,3,0,1,0,-2.92975,276
0,3,0,1,1,9.78390,68
0,3,0,1,2,9.05974,17
0,3,0,1,3,9.45954,15
0,3,0,1,4,9.38194,27
0,3,0,2,0,0.74444,0
0,3,0,2,1,0.23878,0
0,3,0,2,2,0.75522,0
0,3,0,2,3,0.16514,0
0,3,0,2,4,0.83674,0
0,3,0,3,0,9.79993,130
0,3,0,3,1,8.33493,272
0,3,0,3,2,9.64713,28
0,3,0,3,3,9.65155,19
0,3,0,3,4,9.45933,19
0,3,0,4,0,8.71537,92
0,3,0,4,1,7.48875,78
0,3,0,4,2,8.46175,10
0,3,0,4,3,8.18952,25
0,3,0,4,4,7.81486,10
0,3,1,0,0,-1.69356,5
0,3,1,0,1,-0.59212,4
0,3,1,0,2,0.17322,0
0,3,1,0,3,-0.99158,9
0,3,1,0,4,-0.19879,10
0,3,1,1,0,-0.68828,5
0,3,1,1,1,3.94904,18
0,3,1,1,2,4.87071,114
0,3,1,1,3,5.95079,317
0,3,1,1,4,0.53559,0
0,3,1,2,0,0.35249,1
0,3,1,2,1,0.67233,44
0,3,1,2,2,1.49369,52
0,3,1,2,3,-2.84644,200
0,3,1,2,4,-0.48181,22
0,3,1,3,0,-1.91510,18
0,3,1,3,1,-1.52851,40
0,3,1,3,2,2.07657,193
0,3,1,3,3,-0.13477,276
0,3,1,3,4,-1.04554,3
0,3,1,4,0,1.69364,10
0,3,1,4,1,1.86048,54
0,3,1,4,2,4.06992,56
0,3,1,4,3,4.01657,166
0,3,1,4,4,0.00417,8
0,3,2,0,0,-1.35417,4
0,3,2,0,1,-1.18480,13
0,3,2,0,2,-1.17641,8
0,3,2,0,3,-0.81718,29
0,3,2,0,4,-0.22843,11
0,3,2,1,0,0.80669,31
0,3,2,1,1,2.45719,169
0,3,2,1,2,4.42183,36
0,3,2,1,3,5.06044,220
0,3,2,1,4,1.84109,17
0,3,2,2,0,-1.58387,27
0,3,2,2,1,-1.82425,188
0,3,2,2,2,1.33340,30
0,3,2,2,3,-2.02289,244
0,3,2,2,4,-2.31810,100
0,3,2,3,0,2.04912,19
0,3,2,3,1,-1.64139,82
0,3,2,3,2,-0.15475,14
0,3,2,3,3,5.83874,244
0,3,2,3,4,4.75737,110
0,3,2,4,0,-1.78834,14
0,3,2,4,1,-2.65409,80
0,3,2,4,2,1.40685,17
0,3,2,4,3,-2.97019,248
0,3,2,4,4,-3.14817,112
0,3,3,0,0,0.92963,0
0,3,3,0,1,0.21810,4
0,3,3,0,2,0.93624,0
0,3,3,0,3,-2.52147,20
0,3,3,0,4,0.77341,0
0,3,3,1,0,-2.41066,45
0,3,3,1,1,-2.41078,19
0,3,3,1,2,-0.37978,90
0,3,3,1,3,-0.41375,252
0,3,3,1,4,-1.29529,29
0,3,3,2,0,2.35774,62
0,3,3,2,1,0.19596,5
0,3,3,2,2,1.64763,58
0,3,3,2,3,-2.40049,219
0,3,3,2,4,2.57482,8
0,3,3,3,0,2.69232,25
0,3,3,3,1,0.28336,12
0,3,3,3,2,4.22180,50
0,3,3,3,3,1.91243,235
0,3,3,3,4,2.22822,4
0,3,3,4,0,-2.10752,26
0,3,3,4,1,-1.87950,17
0,3,3,4,2,0.41109,43
0,3,3,4,3,5.47684,146
0,3,3,4,4,-2.32265,17
0,3,4,0,0,0.19561,4
0,3,4,0,1,0.26785,3
0,3,4,0,2,0.32040,0
0,3,4,0,3,-1.94337,33
0,3,4,0,4,-0.50437,10
0,3,4,1,0,-3.10241,32
0,3,4,1,1,-3.34991,24
0,3,4,1,2,-3.10238,16
0,3,4,1,3,-2.87788,287
0,3,4,1,4,-3.32741,21
0,3,4,2,0,-2.88616,89
0,3,4,2,1,-2.22942,101
0,3,4,2,2,-1.26819,40
0,3,4,2,3,-3.32135,544
0,3,4,2,4,2.65129,28
0,3,4,3,0,-3.01544,93
0,3,4,3,1,-2.28771,76
0,3,4,3,2,-2.74131,23
0,3,4,3,3,-2.86795,825
0,3,4,3,4,-2.65966,41
0,3,4,4,0,-2.83801,50
0,3,4,4,1,-1.08229,19
0,3,4,4,2,-3.01747,22
0,3,4,4,3,-2.98458,469
0,3,4,4,4,-0.18611,10
0,4,0,0,0,0.80475,0
0,4,0,0,1,0.63361,0
0,4,0,0,2,0.19803,0
0,4,0,0,3,0.89922,0
0,4,0,0,4,0.44692,0
0,4,0,1,0,0.82348,0
0,4,0,1,1,0.68960,0
0,4,0,1,2,0.47425,0
0,4,0,1,3,0.92381,0
0,4,0,1,4,0.14348,0
0,4,0,2,0,0.38080,0
0,4,0,2,1,0.71462,0
0,4,0,2,2,0.42347,0
0,4,0,2,3,0.18855,0
0,4,0,2,4,0.47510,0
0,4,0,3,0,2.37500,2
0,4,0,3,1,0.65209,0
0,4,0,3,2,0.19519,0
0,4,0,3,3,1.65250,9
0,4,0,3,4,0.66578,0
0,4,0,4,0,0.44907,0
0,4,0,4,1,0.23896,0
0,4,0,4,2,0.02372,0
0,4,0,4,3,0.40439,0
0,4,0,4,4,0.65001,0
0,4,1,0,0,0.45924,0
0,4,1,0,1,0.00922,0
0,4,1,0,2,0.54938,0
0,4,1,0,3,0.17590,0
0,4,1,0,4,0.83518,0
0,4,1,1,0,0.68939,0
0,4,1,1,1,0.98192,0
0,4,1,1,2,0.49147,0
0,4,1,1,3,0.86634,0
0,4,1,1,4,0.62358,0
0,4,1,2,0,0.60653,0
0,4,1,2,1,0.77207,0
0,4,1,2,2,0.62170,0
0,4,1,2,3,0.90603,0
0,4,1,2,4,0.78735,0
0,4,1,3,0,0.34617,0
0,4,1,3,1,0.01205,0
0,4,1,3,2,0.00312,0
0,4,1,3,3,-2.46315,21
0,4,1,3,4,0.23896,0
0,4,1,4,0,0.81417,0
0,4,1,4,1,0.73499,0
0,4,1,4,2,0.40049,0
0,4,1,4,3,0.93301,0
0,4,1,4,4,0.34221,20
0,4,2,0,0,0.48644,0
0,4,2,0,1,0.30657,0
0,4,2,0,2,0.78290,0
0,4,2,0,3,0.58999,0
0,4,2,0,4,0.94412,0
0,4,2,1,0,0.68928,0
0,4,2,1,1,-2.08372,8
0,4,2,1,2,0.76019,0
0,4,2,1,3,0.55076,4
0,4,2,1,4,-0.31119,2
0,4,2,2,0,0.49491,0
0,4,2,2,1,0.74270,0
0,4,2,2,2,0.93522,0
0,4,2,2,3,0.24846,0
0,4,2,2,4,0.82363,0
0,4,2,3,0,0.12303,0
0,4,2,3,1,0.60599,0
0,4,2,3,2,-0.55800,1
0,4,2,3,3,-0.99693,6
0,4,2,3,4,-1.37342,26
0,4,2,4,0,-0.47478,3
0,4,2,4,1,-1.67891,2
0,4,2,4,2,-1.01238,9
0,4,2,4,3,-1.33749,11
0,4,2,4,4,0.58970,16
0,4,3,0,0,0.09621,0
0,4,3,0,1,0.72807,0
0,4,3,0,2,0.73743,0
0,4,3,0,3,0.32292,0
0,4,3,0,4,0.12926,0
0,4,3,1,0,0.07854,0
0,4,3,1,1,0.79167,0
0,4,3,1,2,-0.13466,9
0,4,3,1,3,-0.37425,27
0,4,3,1,4,0.11548,0
0,4,3,2,0,0.78212,0
0,4,3,2,1,2.03305,7
0,4,3,2,2,1.26250,4
0,4,3,2,3,0.29170,0
0,4,3,2,4,0.03316,0
0,4,3,3,0,0.10281,0
0,4,3,3,1,0.69145,0
0,4,3,3,2,-1.20040,5
0,4,3,3,3,-0.78102,7
0,4,3,3,4,0.34265,0
0,4,3,4,0,0.35607,0
0,4,3,4,1,1.07596,8
0,4,3,4,2,0.93454,12
0,4,3,4,3,0.12059,41
0,4,3,4,4,0.21239,0
0,4,4,0,0,0.60074,0
0,4,4,0,1,0.50202,0
0,4,4,0,2,0.19241,0
0,4,4,0,3,-1.74577,10
0,4,4,0,4,0.13218,0
0,4,4,1,0,-2.26451,1
0,4,4,1,1,-2.71623,1
0,4,4,1,2,-2.30342,5
0,4,4,1,3,-2.76948,82
0,4,4,1,4,-2.31074,3
0,4,4,2,0,-1.10388,21
0,4,4,2,1,1.76450,4
0,4,4,2,2,-1.10388,13
0,4,4,2,3,-1.80571,20
0,4,4,2,4,1.10552,12
0,4,4,3,0,-2.81270,118
0,4,4,3,1,0.88701,0
0,4,4,3,2,0.00618,0
0,4,4,3,3,-2.97089,85
0,4,4,3,4,0.10717,0
0,4,4,4,0,-2.95218,51
0,4,4,4,1,-1.17533,3
0,4,4,4,2,0.29329,0
0,4,4,4,3,-3.07167,57
0,4,4,4,4,0.49038,0
1,0,0,0,0,0.33044,0
1,0,0,0,1,0.07414,0
1,0,0,0,2,0.83053,0
1,0,0,0,3,0.40371,0
1,0,0,0,4,0.22167,0
1,0,0,1,0,0.91289,0
1,0,0,1,1,0.34821,0
1,0,0,1,2,0.22832,1
1,0,0,1,3,0.79217,0
1,0,0,1,4,0.38544,0
1,0,0,2,0,0.15520,0
1,0,0,2,1,0.16435,0
1,0,0,2,2,4.17623,54
1,0,0,2,3,0.33811,0
1,0,0,2,4,0.42175,0
1,0,0,3,0,0.97063,0
1,0,0,3,1,0.87038,0
1,0,0,3,2,0.54536,0
1,0,0,3,3,0.69523,0
1,0,0,3,4,0.20852,0
1,0,0,4,0,0.49233,0
1,0,0,4,1,0.08584,0
1,0,0,4,2,2.02504,6
1,0,0,4,3,0.74925,0
1,0,0,4,4,0.31949,0
1,0,1,0,0,0.19457,0
1,0,1,0,1,0.42393,0
1,0,1,0,2,0.09302,0
1,0,1,0,3,0.30005,0
1,0,1,0,4,0.84241,0
1,0,1,1,0,-1.08342,3
1,0,1,1,1,17.51528,418
1,0,1,1,2,-2.67068,36
1,0,1,1,3,-1.07652,161
1,0,1,1,4,7.98807,878
1,0,1,2,0,0.61945,188
1,0,1,2,1,0.27845,420
1,0,1,2,2,-2.49996,55
1,0,1,2,3,18.80550,726
1,0,1,2,4,2.82546,2369
1,0,1,3,0,4.20672,122
1,0,1,3,1,-3.02513,715
1,0,1,3,2,1.52029,247
1,0,1,3,3,4.66204,525
1,0,1,3,4,3.55767,2092
1,0,1,4,0,1.08589,8
1,0,1,4,1,-1.92226,349
1,0,1,4,2,-2.65565,104
1,0,1,4,3,-0.46389,236
1,0,1,4,4,19.94082,1076
1,0,2,0,0,0.19094,0
1,0,2,0,1,0.79437,0
1,0,2,0,2,0.24713,0
1,0,2,0,3,0.15726,0
1,0,2,0,4,0.64502,0
1,0,2,1,0,0.48731,21
1,0,2,1,1,6.39281,133
1,0,2,1,2,2.90190,25
1,0,2,1,3,3.67347,35
1,0,2,1,4,4.10937,220
1,0,2,2,0,3.38424,36
1,0,2,2,1,7.13058,345
1,0,2,2,2,5.13361,29
1,0,2,2,3,2.40833,133
1,0,2,2,4,-1.19093,625
1,0,2,3,0,0.49521,40
1,0,2,3,1,-2.13639,430
1,0,2,3,2,-0.20411,57
1,0,2,3,3,-0.05329,73
1,0,2,3,4,-2.15098,640
1,0,2,4,0,3.72652,19
1,0,2,4,1,-0.01291,124
1,0,2,4,2,3.80821,40
1,0,2,4,3,-1.97711,61
1,0,2,4,4,-1.91315,194
1,0,3,0,0,0.30540,0
1,0,3,0,1,0.91355,0
1,0,3,0,2,-1.20845,2
1,0,3,0,3,0.46694,4
1,0,3,0,4,-1.08931,9
1,0,3,1,0,-2.62012,31
1,0,3,1,1,1.11015,74
1,0,3,1,2,-2.73170,18
1,0,3,1,3,-2.54924,147
1,0,3,1,4,1.13235,437
1,0,3,2,0,-1.99189,77
1,0,3,2,1,-1.51123,194
1,0,3,2,2,2.05269,147
1,0,3,2,3,-2.38650,490
1,0,3,2,4,-2.81491,986
1,0,3,3,0,4.64114,64
1,0,3,3,1,3.41339,240
1,0,3,3,2,4.23730,151
1,0,3,3,3,6.65715,578
1,0,3,3,4,3.18562,1000
1,0,3,4,0,-2.36813,42
1,0,3,4,1,4.03493,52
1,0,3,4,2,6.79897,89
1,0,3,4,3,8.82049,161
1,0,3,4,4,-1.19731,224
1,0,4,0,0,0.70195,0
1,0,4,0,1,-0.22668,3
1,0,4,0,2,0.25292,0
1,0,4,0,3,-2.48682,12
1,0,4,0,4,0.90905,46
1,0,4,1,0,-3.38297,52
1,0,4,1,1,-3.27559,70
1,0,4,1,2,-3.34458,83
1,0,4,1,3,7.16813,356
1,0,4,1,4,-3.00484,2341
1,0,4,2,0,-2.65464,257
1,0,4,2,1,-2.74358,266
1,0,4,2,2,-1.87889,412
1,0,4,2,3,1.82226,680
1,0,4,2,4,-0.55732,5872
1,0,4,3,0,-2.61988,392
1,0,4,3,1,-0.53365,321
1,0,4,3,2,-3.22230,530
1,0,4,3,3,4.34298,765
1,0,4,3,4,0.67159,6020
1,0,4,4,0,-2.70185,136
1,0,4,4,1,-2.93035,117
1,0,4,4,2,-2.59870,114
1,0,4,4,3,-1.58985,155
1,0,4,4,4,-2.73828,1417
1,1,0,0,0,0.68245,0
1,1,0,0,1,0.03307,0
1,1,0,0,2,0.61225,0
1,1,0,0,3,0.53064,0
1,1,0,0,4,0.69625,0
1,1,0,1,0,0.46132,0
1,1,0,1,1,0.32690,0
1,1,0,1,2,2.35009,262
1,1,0,1,3,4.15610,82
1,1,0,1,4,4.11509,221
1,1,0,2,0,3.34901,23
1,1,0,2,1,9.33692,40
1,1,0,2,2,9.97951,1242
1,1,0,2,3,2.69079,184
1,1,0,2,4,10.98156,1028
1,1,0,3,0,7.83588,20
1,1,0,3,1,4.77632,24
1,1,0,3,2,2.56073,571
1,1,0,3,3,2.25081,47
1,1,0,3,4,0.97712,542
1,1,0,4,0,3.46804,74
1,1,0,4,1,0.16910,0
1,1,0,4,2,-2.39855,116
1,1,0,4,3,1.64457,12
1,1,0,4,4,2.10574,91
1,1,1,0,0,6.27560,16
1,1,1,0,1,-0.03459,6
1,1,1,0,2,0.44630,9
1,1,1,0,3,0.29444,8
1,1,1,0,4,-2.19426,71
1,1,1,1,0,1.61413,1436
1,1,1,1,1,7.56103,277
1,1,1,1,2,0.44153,244
1,1,1,1,3,5.75247,360
1,1,1,1,4,9.89383,4266
1,1,1,2,0,9.89183,6419
1,1,1,2,1,-0.78866,1080
1,1,1,2,2,-2.01241,1102
1,1,1,2,3,5.81392,2009
1,1,1,2,4,9.58162,16756
1,1,1,3,0,-0.23194,6377
1,1,1,3,1,0.12892,1323
1,1,1,3,2,-2.51381,1641
1,1,1,3,3,5.78987,2997
1,1,1,3,4,8.69447,17557
1,1,1,4,0,6.14128,1610
1,1,1,4,1,-1.76542,566
1,1,1,4,2,-1.64138,330
1,1,1,4,3,4.06391,985
1,1,1,4,4,-1.04764,4589
1,1,2,0,0,-1.28799,3
1,1,2,0,1,-1.27801,10
1,1,2,0,2,-1.80423,9
1,1,2,0,3,0.31314,41
1,1,2,0,4,-0.96625,82
1,1,2,1,0,2.56160,275
1,1,2,1,1,-1.60308,346
1,1,2,1,2,-1.70114,124
1,1,2,1,3,5.33371,1420
1,1,2,1,4,8.49681,1586
1,1,2,2,0,1.52357,1067
1,1,2,2,1,-0.25012,1133
1,1,2,2,2,-0.34652,429
1,1,2,2,3,-1.17164,4442
1,1,2,2,4,-0.77404,5937
1,1,2,3,0,3.19648,1045
1,1,2,3,1,7.86111,1084
1,1,2,3,2,2.03165,678
1,1,2,3,3,2.83084,5395
1,1,2,3,4,2.03451,6079
1,1,2,4,0,4.48713,333
1,1,2,4,1,5.99564,389
1,1,2,4,2,4.22190,166
1,1,2,4,3,8.25909,1649
1,1,2,4,4,6.71807,2034
1,1,3,0,0,-2.67062,23
1,1,3,0,1,-2.65212,21
1,1,3,0,2,-2.76501,11
1,1,3,0,3,-2.52988,4
1,1,3,0,4,-2.77836,347
1,1,3,1,0,-2.80125,340
1,1,3,1,1,-2.60280,727
1,1,3,1,2,-2.93110,294
1,1,3,1,3,5.45851,1249
1,1,3,1,4,5.63524,2342
1,1,3,2,0,-1.48790,1044
1,1,3,2,1,-2.66972,2084
1,1,3,2,2,3.03253,589
1,1,3,2,3,7.75319,2766
1,1,3,2,4,-2.00926,8644
1,1,3,3,0,2.37402,1196
1,1,3,3,1,1.25982,2179
1,1,3,3,2,-2.54525,835
1,1,3,3,3,-0.94179,3206
1,1,3,3,4,-2.04138,9068
1,1,3,4,0,2.95069,297
1,1,3,4,1,-2.47018,468
1,1,3,4,2,-1.47155,307
1,1,3,4,3,4.15196,1078
1,1,3,4,4,-2.42984,2174
1,1,4,0,0,-2.93805,24
1,1,4,0,1,-2.85548,30
1,1,4,0,2,-2.90276,26
1,1,4,0,3,3.27775,559
1,1,4,0,4,-3.03936,9419
1,1,4,1,0,-3.10666,832
1,1,4,1,1,-3.08445,703
1,1,4,1,2,-2.96453,467
1,1,4,1,3,-3.01789,3643
1,1,4,1,4,-2.64762,108594
1,1,4,2,0,-2.84813,5210
1,1,4,2,1,-2.61944,2708
1,1,4,2,2,-2.61502,1533
1,1,4,2,3,-2.88684,13026
1,1,4,2,4,-2.72504,221859
1,1,4,3,0,-2.54699,6238
1,1,4,3,1,-2.64395,2662
1,1,4,3,2,-2.70254,1547
1,1,4,3,3,-3.39498,11101
1,1,4,3,4,-2.74303,152555
1,1,4,4,0,-2.69621,1175
1,1,4,4,1,-2.79589,684
1,1,4,4,2,-2.56679,607
1,1,4,4,3,-2.79147,1234
1,1,4,4,4,-2.90760,17937
1,2,0,0,0,0.59027,0
1,2,0,0,1,7.38632,9
1,2,0,0,2,1.72431,4
1,2,0,0,3,0.68482,0
1,2,0,0,4,0.95447,0
1,2,0,1,0,6.04610,44
1,2,0,1,1,5.82784,71
1,2,0,1,2,2.82854,259
1,2,0,1,3,5.02715,38
1,2,0,1,4,5.44014,210
1,2,0,2,0,8.18935,83
1,2,0,2,1,1.04463,501
1,2,0,2,2,-1.06152,749
1,2,0,2,3,8.98427,155
1,2,0,2,4,3.29469,156
1,2,0,3,0,4.98199,21
1,2,0,3,1,-0.33417,514
1,2,0,3,2,-0.93654,841
1,2,0,3,3,1.64809,137
1,2,0,3,4,0.95321,248
1,2,0,4,0,4.59425,79
1,2,0,4,1,7.29294,229
1,2,0,4,2,-2.42262,179
1,2,0,4,3,5.95123,20
1,2,0,4,4,5.72993,43
1,2,1,0,0,-1.14971,7
1,2,1,0,1,-1.50997,15
1,2,1,0,2,-1.21736,20
1,2,1,0,3,-1.11257,36
1,2,1,0,4,-1.23224,84
1,2,1,1,0,1.23888,198
1,2,1,1,1,-0.99213,630
1,2,1,1,2,-2.54570,340
1,2,1,1,3,-0.53991,1811
1,2,1,1,4,9.79680,5309
1,2,1,2,0,3.72480,922
1,2,1,2,1,5.36998,2049
1,2,1,2,2,2.34282,1016
1,2,1,2,3,2.61614,4209
1,2,1,2,4,2.80555,16936
1,2,1,3,0,2.86140,1088
1,2,1,3,1,1.87702,2426
1,2,1,3,2,6.05236,2000
1,2,1,3,3,8.70495,3749
1,2,1,3,4,-2.96371,14093
1,2,1,4,0,5.01231,226
1,2,1,4,1,5.41488,447
1,2,1,4,2,4.22104,489
1,2,1,4,3,-2.15894,813
1,2,1,4,4,1.11639,4427
1,2,2,0,0,-1.73823,8
1,2,2,0,1,-1.43693,33
1,2,2,0,2,-1.02516,17
1,2,2,0,3,-2.07816,36
1,2,2,0,4,-1.19706,69
1,2,2,1,0,6.30645,678
1,2,2,1,1,5.00986,528
1,2,2,1,2,1.38922,350
1,2,2,1,3,2.22571,780
1,2,2,1,4,4.37961,2587
1,2,2,2,0,3.83466,2297
1,2,2,2,1,1.45953,2007
1,2,2,2,2,-0.60007,1170
1,2,2,2,3,0.54716,2111
1,2,2,2,4,3.07684,7244
1,2,2,3,0,2.31911,2813
1,2,2,3,1,2.17269,1988
1,2,2,3,2,1.50667,1305
1,2,2,3,3,2.18871,2851
1,2,2,3,4,7.86276,8703
1,2,2,4,0,1.46901,935
1,2,2,4,1,-0.64054,633
1,2,2,4,2,4.50157,510
1,2,2,4,3,-1.15761,931
1,2,2,4,4,2.94849,2576
1,2,3,0,0,-2.48915,10
1,2,3,0,1,-0.95051,30
1,2,3,0,2,-2.67004,20
1,2,3,0,3,-2.87692,43
1,2,3,0,4,-2.76494,98
1,2,3,1,0,-2.75360,515
1,2,3,1,1,-0.41010,398
1,2,3,1,2,-2.49611,542
1,2,3,1,3,-2.56858,693
1,2,3,1,4,-0.17797,2330
1,2,3,2,0,-2.78231,1658
1,2,3,2,1,3.84678,827
1,2,3,2,2,7.97808,1654
1,2,3,2,3,-2.32326,1788
1,2,3,2,4,2.22664,6691
1,2,3,3,0,-2.50499,1723
1,2,3,3,1,-0.02589,908
1,2,3,3,2,-1.95519,1478
1,2,3,3,3,-3.13882,2086
1,2,3,3,4,-0.80272,6471
1,2,3,4,0,-2.49986,689
1,2,3,4,1,3.80749,328
1,2,3,4,2,0.11906,503
1,2,3,4,3,-2.26313,751
1,2,3,4,4,-2.90602,2564
1,2,4,0,0,-2.70256,39
1,2,4,0,1,-2.88680,128
1,2,4,0,2,-0.90968,165
1,2,4,0,3,-2.11343,98
1,2,4,0,4,-2.75373,28843
1,2,4,1,0,-2.88683,540
1,2,4,1,1,-3.13429,1199
1,2,4,1,2,-3.09692,1206
1,2,4,1,3,-3.40620,1391
1,2,4,1,4,-3.09631,220389
1,2,4,2,0,-2.56650,2927
1,2,4,2,1,-2.55895,5455
1,2,4,2,2,-2.81005,4925
1,2,4,2,3,-1.79887,5457
1,2,4,2,4,-2.88679,493104
1,2,4,3,0,-2.70621,4623
1,2,4,3,1,-2.50919,6232
1,2,4,3,2,-2.56921,4560
1,2,4,3,3,2.33626,4021
1,2,4,3,4,-2.70213,391061
1,2,4,4,0,-2.61274,1467
1,2,4,4,1,-2.88371,1878
1,2,4,4,2,-2.65749,1035
1,2,4,4,3,-2.52470,918
1,2,4,4,4,-2.97724,45570
1,3,0,0,0,-0.30301,4
1,3,0,0,1,0.20518,4
1,3,0,0,2,0.18272,0
1,3,0,0,3,-0.41122,2
1,3,0,0,4,-0.10728,8
1,3,0,1,0,0.06767,0
1,3,0,1,1,0.74792,41
1,3,0,1,2,7.06504,117
1,3,0,1,3,5.18956,9
1,3,0,1,4,0.00575,0
1,3,0,2,0,6.49990,11
1,3,0,2,1,8.14975,120
1,3,0,2,2,5.79946,145
1,3,0,2,3,4.98091,22
1,3,0,2,4,2.88658,3
1,3,0,3,0,0.82282,0
1,3,0,3,1,-0.28229,144
1,3,0,3,2,5.62089,176
1,3,0,3,3,1.97589,10
1,3,0,3,4,4.98158,72
1,3,0,4,0,1.49924,66
1,3,0,4,1,-2.19789,59
1,3,0,4,2,6.06131,57
1,3,0,4,3,3.25431,66
1,3,0,4,4,1.47710,4
1,3,1,0,0,0.14615,0
1,3,1,0,1,-0.54525,3
1,3,1,0,2,-0.38590,2
1,3,1,0,3,0.36424,13
1,3,1,0,4,0.22580,35
1,3,1,1,0,0.58891,190
1,3,1,1,1,-0.26409,208
1,3,1,1,2,-0.71778,330
1,3,1,1,3,-1.31826,218
1,3,1,1,4,-1.42846,697
1,3,1,2,0,3.97874,81
1,3,1,2,1,1.52024,393
1,3,1,2,2,-0.45793,593
1,3,1,2,3,-2.12575,483
1,3,1,2,4,-2.36001,1472
1,3,1,3,0,-0.51247,79
1,3,1,3,1,-0.55871,412
1,3,1,3,2,-2.59512,466
1,3,1,3,3,-1.06170,413
1,3,1,3,4,1.29090,1615
1,3,1,4,0,6.58415,175
1,3,1,4,1,0.74667,291
1,3,1,4,2,4.70770,257
1,3,1,4,3,-1.27541,188
1,3,1,4,4,1.35242,959
1,3,2,0,0,-0.47624,25
1,3,2,0,1,-0.63186,26
1,3,2,0,2,0.08987,14
1,3,2,0,3,-0.66946,39
1,3,2,0,4,-0.60089,54
1,3,2,1,0,5.15149,396
1,3,2,1,1,-1.61667,78
1,3,2,1,2,1.33547,224
1,3,2,1,3,6.59440,321
1,3,2,1,4,4.55879,1118
1,3,2,2,0,0.35122,473
1,3,2,2,1,-1.84255,153
1,3,2,2,2,1.82169,158
1,3,2,2,3,0.37252,583
1,3,2,2,4,2.39087,1371
1,3,2,3,0,5.47825,707
1,3,2,3,1,2.43026,145
1,3,2,3,2,5.43934,216
1,3,2,3,3,3.74778,461
1,3,2,3,4,3.58057,1398
1,3,2,4,0,-2.92258,521
1,3,2,4,1,1.93079,98
1,3,2,4,2,2.55709,136
1,3,2,4,3,-0.93630,292
1,3,2,4,4,-1.44354,890
1,3,3,0,0,-0.76064,4
1,3,3,0,1,-1.53587,2
1,3,3,0,2,-0.33739,15
1,3,3,0,3,0.14418,12
1,3,3,0,4,-2.69407,62
1,3,3,1,0,-2.68018,68
1,3,3,1,1,-2.52237,149
1,3,3,1,2,-2.52230,119
1,3,3,1,3,0.24542,596
1,3,3,1,4,-1.10746,947
1,3,3,2,0,1.70787,144
1,3,3,2,1,-2.58380,208
1,3,3,2,2,-1.24411,134
1,3,3,2,3,-2.49948,479
1,3,3,2,4,-2.24970,811
1,3,3,3,0,-0.43477,111
1,3,3,3,1,-2.35642,174
1,3,3,3,2,-1.61989,63
1,3,3,3,3,-1.69127,734
1,3,3,3,4,0.71371,1220
1,3,3,4,0,-1.97369,38
1,3,3,4,1,-2.41809,65
1,3,3,4,2,4.49055,53
1,3,3,4,3,0.60583,329
1,3,3,4,4,0.68920,515
1,3,4,0,0,-2.88677,46
1,3,4,0,1,-2.91884,56
1,3,4,0,2,-2.88685,150
1,3,4,0,3,-0.48302,94
1,3,4,0,4,-2.91833,26521
1,3,4,1,0,-3.08008,612
1,3,4,1,1,-3.08009,506
1,3,4,1,2,-3.11781,581
1,3,4,1,3,-3.23007,545
1,3,4,1,4,-2.72787,167320
1,3,4,2,0,-2.88164,1609
1,3,4,2,1,-2.86839,1370
1,3,4,2,2,-2.70254,1446
1,3,4,2,3,-2.40711,744
1,3,4,2,4,-3.01339,272279
1,3,4,3,0,-2.73869,1912
1,3,4,3,1,-2.70032,1293
1,3,4,3,2,-2.62362,1203
1,3,4,3,3,-3.03794,798
1,3,4,3,4,-2.72498,262662
1,3,4,4,0,-2.62381,1184
1,3,4,4,1,-2.88835,645
1,3,4,4,2,-2.62517,238
1,3,4,4,3,-2.70723,394
1,3,4,4,4,-2.78175,49611
1,4,0,0,0,0.13156,0
1,4,0,0,1,0.50441,0
1,4,0,0,2,0.67097,0
1,4,0,0,3,0.00549,0
1,4,0,0,4,0.52935,0
1,4,0,1,0,0.01475,0
1,4,0,1,1,0.97248,0
1,4,0,1,2,0.80262,0
1,4,0,1,3,0.00593,0
1,4,0,1,4,0.98324,0
1,4,0,2,0,0.93607,0
1,4,0,2,1,0.57515,0
1,4,0,2,2,0.90682,0
1,4,0,2,3,0.84306,0
1,4,0,2,4,0.91903,0
1,4,0,3,0,0.72918,0
1,4,0,3,1,0.27681,0
1,4,0,3,2,2.05026,8
1,4,0,3,3,0.53732,0
1,4,0,3,4,0.14104,0
1,4,0,4,0,0.47871,0
1,4,0,4,1,0.02622,0
1,4,0,4,2,-1.96557,3
1,4,0,4,3,0.09514,0
1,4,0,4,4,0.82741,0
1,4,1,0,0,-0.36520,4
1,4,1,0,1,0.13841,0
1,4,1,0,2,0.28086,0
1,4,1,0,3,0.05987,5
1,4,1,0,4,0.05387,16
1,4,1,1,0,0.79598,0
1,4,1,1,1,0.42509,0
1,4,1,1,2,0.01327,0
1,4,1,1,3,0.85278,0
1,4,1,1,4,0.42632,5
1,4,1,2,0,0.20839,0
1,4,1,2,1,0.90229,0
1,4,1,2,2,0.51702,0
1,4,1,2,3,0.57392,0
1,4,1,2,4,0.21539,0
1,4,1,3,0,0.78662,0
1,4,1,3,1,0.67110,0
1,4,1,3,2,-0.49875,4
1,4,1,3,3,0.80362,0
1,4,1,3,4,0.54306,7
1,4,1,4,0,0.39943,0
1,4,1,4,1,0.19304,57
1,4,1,4,2,-0.77831,8
1,4,1,4,3,0.68011,0
1,4,1,4,4,-0.89662,19
1,4,2,0,0,0.93414,0
1,4,2,0,1,0.25187,0
1,4,2,0,2,0.06324,0
1,4,2,0,3,0.13909,0
1,4,2,0,4,0.04893,0
1,4,2,1,0,1.36778,8
1,4,2,1,1,-0.20282,3
1,4,2,1,2,1.02280,12
1,4,2,1,3,0.02802,4
1,4,2,1,4,-0.55969,11
1,4,2,2,0,2.58986,4
1,4,2,2,1,0.11111,0
1,4,2,2,2,0.57766,0
1,4,2,2,3,0.82596,0
1,4,2,2,4,0.49643,15
1,4,2,3,0,-2.51361,25
1,4,2,3,1,0.38779,0
1,4,2,3,2,0.35355,0
1,4,2,3,3,0.82144,16
1,4,2,3,4,-1.86081,53
1,4,2,4,0,-1.45362,28
1,4,2,4,1,0.15222,1
1,4,2,4,2,0.35316,0
1,4,2,4,3,1.60761,13
1,4,2,4,4,1.44374,46
1,4,3,0,0,0.00931,0
1,4,3,0,1,0.72991,0
1,4,3,0,2,0.22724,0
1,4,3,0,3,0.88154,0
1,4,3,0,4,0.30551,0
1,4,3,1,0,0.17541,0
1,4,3,1,1,0.25009,0
1,4,3,1,2,0.29268,0
1,4,3,1,3,1.71110,8
1,4,3,1,4,2.17900,16
1,4,3,2,0,0.64352,0
1,4,3,2,1,1.31813,1
1,4,3,2,2,0.07025,0
1,4,3,2,3,0.80283,14
1,4,3,2,4,0.39646,0
1,4,3,3,0,0.69830,0
1,4,3,3,1,0.58837,0
1,4,3,3,2,0.43693,0
1,4,3,3,3,-1.73661,32
1,4,3,3,4,2.47686,64
1,4,3,4,0,0.01131,0
1,4,3,4,1,0.08695,0
1,4,3,4,2,0.25503,0
1,4,3,4,3,-0.40198,39
1,4,3,4,4,2.52917,27
1,4,4,0,0,-2.79155,18
1,4,4,0,1,-2.81833,2
1,4,4,0,2,-2.70275,84
1,4,4,0,3,-2.28595,75
1,4,4,0,4,-2.88512,5297
1,4,4,1,0,-3.07796,73
1,4,4,1,1,-3.07799,37
1,4,4,1,2,-3.10314,147
1,4,4,1,3,-3.07795,79
1,4,4,1,4,-2.79117,15212
1,4,4,2,0,-2.63288,191
1,4,4,2,1,-2.68377,40
1,4,4,2,2,-2.71557,87
1,4,4,2,3,7.87204,84
1,4,4,2,4,-2.78195,15869
1,4,4,3,0,-2.60415,287
1,4,4,3,1,-2.58668,73
1,4,4,3,2,-2.70255,180
1,4,4,3,3,5.43002,154
1,4,4,3,4,-3.08777,20302
1,4,4,4,0,-2.64173,27
1,4,4,4,1,-2.70256,19
1,4,4,4,2,-2.88683,126
1,4,4,4,3,-2.58087,28
1,4,4,4,4,-3.21001,5804
2,0,0,0,0,0.44593,0
2,0,0,0,1,0.18276,0
2,0,0,0,2,0.28908,0
2,0,0,0,3,0.06205,0
2,0,0,0,4,0.07079,0
2,0,0,1,0,0.44857,0
2,0,0,1,1,0.13166,0
2,0,0,1,2,0.36793,0
2,0,0,1,3,0.35643,0
2,0,0,1,4,0.48289,0
2,0,0,2,0,2.41391,133
2,0,0,2,1,0.59450,0
2,0,0,2,2,0.02341,3
2,0,0,2,3,0.20031,0
2,0,0,2,4,0.18668,0
2,0,0,3,0,1.16837,4
2,0,0,3,1,0.36788,0
2,0,0,3,2,1.57606,82
2,0,0,3,3,0.18057,0
2,0,0,3,4,0.69304,0
2,0,0,4,0,2.62984,56
2,0,0,4,1,0.04971,0
2,0,0,4,2,2.29590,4
2,0,0,4,3,0.36337,0
2,0,0,4,4,0.52250,0
2,0,1,0,0,0.59270,0
2,0,1,0,1,0.72011,0
2,0,1,0,2,0.98567,0
2,0,1,0,3,0.72301,0
2,0,1,0,4,0.19384,0
2,0,1,1,0,3.16959,14
2,0,1,1,1,2.06250,204
2,0,1,1,2,5.21550,184
2,0,1,1,3,3.16994,370
2,0,1,1,4,19.77411,271
2,0,1,2,0,0.23969,240
2,0,1,2,1,0.38523,622
2,0,1,2,2,3.14889,802
2,0,1,2,3,0.38522,567
2,0,1,2,4,2.22966,1302
2,0,1,3,0,3.33156,280
2,0,1,3,1,1.53762,1020
2,0,1,3,2,5.66449,952
2,0,1,3,3,12.72524,1188
2,0,1,3,4,2.00005,1837
2,0,1,4,0,4.97685,9
2,0,1,4,1,-1.14748,338
2,0,1,4,2,-2.31110,279
2,0,1,4,3,2.71907,151
2,0,1,4,4,6.38203,561
2,0,2,0,0,0.20197,0
2,0,2,0,1,-0.22942,3
2,0,2,0,2,0.01102,0
2,0,2,0,3,0.14511,0
2,0,2,0,4,0.01757,0
2,0,2,1,0,2.27520,205
2,0,2,1,1,0.15253,67
2,0,2,1,2,0.90858,26
2,0,2,1,3,-2.08767,85
2,0,2,1,4,2.84842,365
2,0,2,2,0,2.43436,530
2,0,2,2,1,2.21255,334
2,0,2,2,2,-1.20716,106
2,0,2,2,3,0.57676,231
2,0,2,2,4,0.72462,994
2,0,2,3,0,-0.01773,595
2,0,2,3,1,3.47374,328
2,0,2,3,2,4.33382,111
2,0,2,3,3,5.16006,154
2,0,2,3,4,-0.05915,1440
2,0,2,4,0,5.49052,219
2,0,2,4,1,7.74383,216
2,0,2,4,2,-2.23621,48
2,0,2,4,3,5.79925,63
2,0,2,4,4,2.88566,427
2,0,3,0,0,0.23963,0
2,0,3,0,1,0.62928,4
2,0,3,0,2,0.48202,0
2,0,3,0,3,0.60906,0
2,0,3,0,4,0.97694,0
2,0,3,1,0,-1.32587,30
2,0,3,1,1,-1.83343,99
2,0,3,1,2,-2.47636,67
2,0,3,1,3,-0.89922,62
2,0,3,1,4,-0.17909,1405
2,0,3,2,0,-1.11697,127
2,0,3,2,1,-2.68372,398
2,0,3,2,2,-0.86625,222
2,0,3,2,3,0.69587,301
2,0,3,2,4,-0.00353,3241
2,0,3,3,0,-1.39434,106
2,0,3,3,1,-2.52102,437
2,0,3,3,2,0.41155,268
2,0,3,3,3,2.83373,374
2,0,3,3,4,-2.45196,3128
2,0,3,4,0,-2.73562,49
2,0,3,4,1,-2.36924,161
2,0,3,4,2,-2.24855,108
2,0,3,4,3,0.88299,138
2,0,3,4,4,-2.51396,1058
2,0,4,0,0,0.91320,0
2,0,4,0,1,-1.96105,1
2,0,4,0,2,-2.62234,1
2,0,4,0,3,0.11720,1
2,0,4,0,4,-2.79131,40
2,0,4,1,0,-2.93482,65
2,0,4,1,1,-2.92843,115
2,0,4,1,2,-2.93930,63
2,0,4,1,3,-1.59483,708
2,0,4,1,4,-2.88174,3779
2,0,4,2,0,-2.64537,267
2,0,4,2,1,-2.66172,389
2,0,4,2,2,-2.73288,379
2,0,4,2,3,-1.22505,1502
2,0,4,2,4,-2.50790,8811
2,0,4,3,0,-2.51988,228
2,0,4,3,1,-1.64263,427
2,0,4,3,2,-2.51132,346
2,0,4,3,3,-0.87720,1449
2,0,4,3,4,-0.40407,8440
2,0,4,4,0,-2.53401,94
2,0,4,4,1,-2.49074,112
2,0,4,4,2,-1.84724,80
2,0,4,4,3,2.46070,434
2,0,4,4,4,-2.48949,2348
2,1,0,0,0,0.89851,0
2,1,0,0,1,0.63991,0
2,1,0,0,2,0.93249,0
2,1,0,0,3,0.53954,0
2,1,0,0,4,0.21958,0
2,1,0,1,0,0.76767,0
2,1,0,1,1,0.55173,0
2,1,0,1,2,1.90503,196
2,1,0,1,3,0.05331,0
2,1,0,1,4,2.97914,3
2,1,0,2,0,4.48543,4
2,1,0,2,1,1.69165,52
2,1,0,2,2,2.81132,1029
2,1,0,2,3,5.54777,171
2,1,0,2,4,7.54818,88
2,1,0,3,0,6.61739,99
2,1,0,3,1,6.00467,84
2,1,0,3,2,9.98978,1787
2,1,0,3,3,2.76228,109
2,1,0,3,4,5.66349,145
2,1,0,4,0,3.44707,8
2,1,0,4,1,2.21207,75
2,1,0,4,2,4.06631,239
2,1,0,4,3,0.94928,0
2,1,0,4,4,3.44679,4
2,1,1,0,0,-0.32703,8
2,1,1,0,1,-0.32572,12
2,1,1,0,2,-1.85414,4
2,1,1,0,3,7.43756,18
2,1,1,0,4,-0.84435,21
2,1,1,1,0,5.29590,261
2,1,1,1,1,6.32678,978
2,1,1,1,2,8.74967,165
2,1,1,1,3,6.10685,3854
2,1,1,1,4,5.67427,4339
2,1,1,2,0,3.79729,1287
2,1,1,2,1,9.44683,2720
2,1,1,2,2,8.72791,830
2,1,1,2,3,9.99587,10894
2,1,1,2,4,9.99541,14640
2,1,1,3,0,5.87256,1053
2,1,1,3,1,1.07700,2954
2,1,1,3,2,8.74515,610
2,1,1,3,3,9.35595,13322
2,1,1,3,4,4.60930,17909
2,1,1,4,0,6.42149,241
2,1,1,4,1,8.75560,551
2,1,1,4,2,7.03115,220
2,1,1,4,3,8.80969,4024
2,1,1,4,4,9.99975,4235
2,1,2,0,0,-0.82051,17
2,1,2,0,1,-0.90286,32
2,1,2,0,2,-1.51837,13
2,1,2,0,3,2.11006,37
2,1,2,0,4,0.69223,95
2,1,2,1,0,6.15162,569
2,1,2,1,1,4.25827,283
2,1,2,1,2,0.24721,256
2,1,2,1,3,8.91321,1533
2,1,2,1,4,4.32322,2633
2,1,2,2,0,3.96211,2248
2,1,2,2,1,0.57726,955
2,1,2,2,2,-0.58608,765
2,1,2,2,3,8.93846,4772
2,1,2,2,4,8.82052,8741
2,1,2,3,0,1.15121,2655
2,1,2,3,1,-0.67635,1061
2,1,2,3,2,-0.49626,1018
2,1,2,3,3,-0.64935,5385
2,1,2,3,4,9.59989,9633
2,1,2,4,0,0.81217,853
2,1,2,4,1,3.65490,340
2,1,2,4,2,1.72367,323
2,1,2,4,3,5.39701,1521
2,1,2,4,4,5.68296,2854
2,1,3,0,0,-1.08303,4
2,1,3,0,1,-0.69394,35
2,1,3,0,2,-0.37603,17
2,1,3,0,3,-0.65934,21
2,1,3,0,4,-1.86964,188
2,1,3,1,0,-2.69520,401
2,1,3,1,1,-2.69255,424
2,1,3,1,2,-2.48893,883
2,1,3,1,3,-2.74228,784
2,1,3,1,4,6.19147,4173
2,1,3,2,0,-1.24579,1574
2,1,3,2,1,5.96919,1372
2,1,3,2,2,-2.70437,2987
2,1,3,2,3,-2.50753,2755
2,1,3,2,4,2.68419,15643
2,1,3,3,0,1.70434,1482
2,1,3,3,1,-2.49649,1583
2,1,3,3,2,-2.49770,3447
2,1,3,3,3,-2.11055,3149
2,1,3,3,4,-2.50159,15457
2,1,3,4,0,1.07174,495
2,1,3,4,1,-1.38033,507
2,1,3,4,2,-1.98091,1152
2,1,3,4,3,0.87907,853
2,1,3,4,4,-1.86889,3857
2,1,4,0,0,0.72953,19
2,1,4,0,1,-2.84441,61
2,1,4,0,2,-2.84777,61
2,1,4,0,3,5.65819,304
2,1,4,0,4,-2.61956,10103
2,1,4,1,0,-2.97344,490
2,1,4,1,1,-2.84813,1212
2,1,4,1,2,-3.02534,568
2,1,4,1,3,-2.84818,2285
2,1,4,1,4,-2.51534,111288
2,1,4,2,0,-2.73843,2040
2,1,4,2,1,-2.50450,6064
2,1,4,2,2,-2.78197,2778
2,1,4,2,3,0.32027,8714
2,1,4,2,4,-2.50000,248717
2,1,4,3,0,-2.71329,2656
2,1,4,3,1,-2.59093,6175
2,1,4,3,2,-2.73870,2656
2,1,4,3,3,-1.37488,7253
2,1,4,3,4,-0.60617,171482
2,1,4,4,0,-2.55872,764
2,1,4,4,1,-2.69085,1272
2,1,4,4,2,-2.60554,766
2,1,4,4,3,5.09753,1470
2,1,4,4,4,2.97859,21967
2,2,0,0,0,0.12075,0
2,2,0,0,1,0.10316,0
2,2,0,0,2,2.09093,10
2,2,0,0,3,0.73252,0
2,2,0,0,4,0.75441,0
2,2,0,1,0,6.91886,7
2,2,0,1,1,0.31210,0
2,2,0,1,2,3.29704,66
2,2,0,1,3,2.31279,27
2,2,0,1,4,3.59388,4
2,2,0,2,0,7.56851,16
2,2,0,2,1,0.74825,107
2,2,0,2,2,4.17714,315
2,2,0,2,3,3.40085,27
2,2,0,2,4,6.89029,20
2,2,0,3,0,6.50789,20
2,2,0,3,1,7.37647,94
2,2,0,3,2,3.89307,446
2,2,0,3,3,4.88447,122
2,2,0,3,4,7.52354,39
2,2,0,4,0,4.25471,13
2,2,0,4,1,6.73481,13
2,2,0,4,2,16.86829,98
2,2,0,4,3,5.91687,162
2,2,0,4,4,6.03219,37
2,2,1,0,0,-0.97919,4
2,2,1,0,1,-1.91358,14
2,2,1,0,2,-2.07664,13
2,2,1,0,3,-1.67758,20
2,2,1,0,4,-0.34085,68
2,2,1,1,0,-2.35986,291
2,2,1,1,1,4.43187,250
2,2,1,1,2,1.75415,259
2,2,1,1,3,2.15049,1352
2,2,1,1,4,7.96631,3204
2,2,1,2,0,-2.68127,991
2,2,1,2,1,2.25629,940
2,2,1,2,2,0.84418,1075
2,2,1,2,3,8.72234,3986
2,2,1,2,4,-0.27100,8973
2,2,1,3,0,17.76832,932
2,2,1,3,1,0.32383,712
2,2,1,3,2,2.13636,1170
2,2,1,3,3,-0.28737,3876
2,2,1,3,4,2.93922,7951
2,2,1,4,0,-0.11350,259
2,2,1,4,1,-1.98121,348
2,2,1,4,2,6.62487,315
2,2,1,4,3,-0.73883,1355
2,2,1,4,4,9.96888,3477
2,2,2,0,0,-1.74560,10
2,2,2,0,1,-1.77186,5
2,2,2,0,2,-0.99105,5
2,2,2,0,3,-1.49897,44
2,2,2,0,4,-2.20298,88
2,2,2,1,0,3.43079,451
2,2,2,1,1,4.69314,182
2,2,2,1,2,0.43817,277
2,2,2,1,3,1.98087,1254
2,2,2,1,4,-2.36483,2804
2,2,2,2,0,3.98122,1270
2,2,2,2,1,-1.26165,695
2,2,2,2,2,-2.46237,808
2,2,2,2,3,2.09562,3881
2,2,2,2,4,-2.45641,7885
2,2,2,3,0,2.98870,1430
2,2,2,3,1,0.98132,856
2,2,2,3,2,0.66344,871
2,2,2,3,3,3.86379,4177
2,2,2,3,4,8.07305,8583
2,2,2,4,0,3.06101,388
2,2,2,4,1,-2.47983,305
2,2,2,4,2,-0.83972,285
2,2,2,4,3,1.94379,1453
2,2,2,4,4,-2.30715,2849
2,2,3,0,0,-1.83885,19
2,2,3,0,1,-1.95691,31
2,2,3,0,2,-2.51177,28
2,2,3,0,3,-1.78736,63
2,2,3,0,4,5.73499,84
2,2,3,1,0,-2.78235,417
2,2,3,1,1,-2.81271,483
2,2,3,1,2,-2.76986,501
2,2,3,1,3,-2.75709,822
2,2,3,1,4,-2.22832,2943
2,2,3,2,0,-2.34984,1229
2,2,3,2,1,-0.17635,1895
2,2,3,2,2,-2.36767,1680
2,2,3,2,3,-2.49998,2485
2,2,3,2,4,-2.50271,9448
2,2,3,3,0,-2.49919,1555
2,2,3,3,1,0.64965,1847
2,2,3,3,2,7.97703,1462
2,2,3,3,3,-0.85798,2508
2,2,3,3,4,0.08493,9761
2,2,3,4,0,-1.21780,439
2,2,3,4,1,0.76142,621
2,2,3,4,2,-2.50024,583
2,2,3,4,3,1.26370,690
2,2,3,4,4,-2.68223,3138
2,2,4,0,0,-1.42333,12
2,2,4,0,1,-2.76250,132
2,2,4,0,2,-2.55220,82
2,2,4,0,3,-2.86714,243
2,2,4,0,4,-2.53464,30412
2,2,4,1,0,-3.02339,684
2,2,4,1,1,-2.99060,1368
2,2,4,1,2,-3.02348,915
2,2,4,1,3,-3.00647,1969
2,2,4,1,4,-2.70259,232268
2,2,4,2,0,-2.59320,2453
2,2,4,2,1,-2.55893,6312
2,2,4,2,2,-2.50109,2505
2,2,4,2,3,-1.04347,6770
2,2,4,2,4,-2.93847,531105
2,2,4,3,0,-2.50000,3398
2,2,4,3,1,-2.55621,6565
2,2,4,3,2,-2.70369,2395
2,2,4,3,3,3.76720,6298
2,2,4,3,4,-2.88676,418078
2,2,4,4,0,-2.58271,849
2,2,4,4,1,-2.74504,1730
2,2,4,4,2,-2.69131,644
2,2,4,4,3,-2.61269,1649
2,2,4,4,4,-2.62513,49455
2,3,0,0,0,0.10375,0
2,3,0,0,1,0.55102,0
2,3,0,0,2,0.38045,5
2,3,0,0,3,-0.12526,4
2,3,0,0,4,0.04695,0
2,3,0,1,0,0.01397,0
2,3,0,1,1,1.51974,13
2,3,0,1,2,-0.79032,111
2,3,0,1,3,-0.61225,23
2,3,0,1,4,0.63779,0
2,3,0,2,0,0.96024,0
2,3,0,2,1,7.26148,13
2,3,0,2,2,1.21211,25
2,3,0,2,3,0.62312,0
2,3,0,2,4,4.36989,10
2,3,0,3,0,2.68932,4
2,3,0,3,1,3.94196,315
2,3,0,3,2,6.93250,138
2,3,0,3,3,3.54743,9
2,3,0,3,4,1.33988,8
2,3,0,4,0,0.31258,0
2,3,0,4,1,6.57719,32
2,3,0,4,2,4.60048,31
2,3,0,4,3,2.42149,31
2,3,0,4,4,6.37840,11
2,3,1,0,0,-1.37446,8
2,3,1,0,1,-1.24987,15
2,3,1,0,2,-1.20847,19
2,3,1,0,3,-1.28576,15
2,3,1,0,4,-1.48781,190
2,3,1,1,0,4.60789,38
2,3,1,1,1,1.30055,89
2,3,1,1,2,7.59581,343
2,3,1,1,3,4.07981,391
2,3,1,1,4,6.89472,902
2,3,1,2,0,3.41094,55
2,3,1,2,1,7.11635,275
2,3,1,2,2,-1.24777,498
2,3,1,2,3,4.03716,406
2,3,1,2,4,0.25467,1069
2,3,1,3,0,3.01695,130
2,3,1,3,1,-2.18047,101
2,3,1,3,2,4.09945,458
2,3,1,3,3,1.50392,418
2,3,1,3,4,5.50375,907
2,3,1,4,0,3.48984,32
2,3,1,4,1,6.02778,139
2,3,1,4,2,9.10445,434
2,3,1,4,3,7.36390,410
2,3,1,4,4,2.69196,482
2,3,2,0,0,0.73250,0
2,3,2,0,1,0.80861,0
2,3,2,0,2,0.86597,9
2,3,2,0,3,0.86603,14
2,3,2,0,4,0.25223,18
2,3,2,1,0,1.47710,45
2,3,2,1,1,3.79663,96
2,3,2,1,2,4.41879,177
2,3,2,1,3,0.19890,533
2,3,2,1,4,-1.41216,691
2,3,2,2,0,2.72467,69
2,3,2,2,1,1.82539,124
2,3,2,2,2,-0.03099,338
2,3,2,2,3,-2.49687,380
2,3,2,2,4,6.23566,981
2,3,2,3,0,2.32896,36
2,3,2,3,1,-1.51632,107
2,3,2,3,2,-0.73563,350
2,3,2,3,3,-1.44431,827
2,3,2,3,4,-2.46061,1206
2,3,2,4,0,1.99413,48
2,3,2,4,1,3.68634,72
2,3,2,4,2,0.80302,235
2,3,2,4,3,-0.92617,500
2,3,2,4,4,4.69649,868
2,3,3,0,0,0.20550,8
2,3,3,0,1,0.14136,14
2,3,3,0,2,-0.97211,16
2,3,3,0,3,-0.01433,38
2,3,3,0,4,-0.93162,78
2,3,3,1,0,0.24271,526
2,3,3,1,1,-2.64738,154
2,3,3,1,2,-2.64809,196
2,3,3,1,3,-2.67753,373
2,3,3,1,4,-2.47143,1429
2,3,3,2,0,-2.50268,787
2,3,3,2,1,4.03767,172
2,3,3,2,2,-2.37660,253
2,3,3,2,3,-1.82787,354
2,3,3,2,4,-2.50117,2616
2,3,3,3,0,-0.01750,1054
2,3,3,3,1,-2.49920,228
2,3,3,3,2,-2.55028,331
2,3,3,3,3,-0.92268,512
2,3,3,3,4,-2.50297,2485
2,3,3,4,0,0.94623,515
2,3,3,4,1,-1.99279,139
2,3,3,4,2,-2.52367,150
2,3,3,4,3,2.89902,221
2,3,3,4,4,-2.47719,1164
2,3,4,0,0,-2.83157,35
2,3,4,0,1,-2.75364,76
2,3,4,0,2,-2.76236,121
2,3,4,0,3,-0.47699,112
2,3,4,0,4,-2.64522,28713
2,3,4,1,0,-2.97777,557
2,3,4,1,1,-3.24151,610
2,3,4,1,2,-3.09151,531
2,3,4,1,3,-3.09153,824
2,3,4,1,4,-2.64976,176829
2,3,4,2,0,-2.68226,828
2,3,4,2,1,-2.68394,1508
2,3,4,2,2,-2.65722,840
2,3,4,2,3,-2.83720,1070
2,3,4,2,4,-2.75367,294767
2,3,4,3,0,-2.84805,850
2,3,4,3,1,-2.50423,1518
2,3,4,3,2,-2.58708,827
2,3,4,3,3,1.58372,1091
2,3,4,3,4,-2.42010,286492
2,3,4,4,0,-2.78197,336
2,3,4,4,1,-2.52268,606
2,3,4,4,2,-2.67706,191
2,3,4,4,3,2.28629,345
2,3,4,4,4,-2.50004,52602
2,4,0,0,0,0.64153,0
2,4,0,0,1,0.37208,0
2,4,0,0,2,0.64652,0
2,4,0,0,3,0.21343,0
2,4,0,0,4,0.66300,0
2,4,0,1,0,0.30566,0
2,4,0,1,1,0.61135,0
2,4,0,1,2,9.99886,96
2,4,0,1,3,0.21942,0
2,4,0,1,4,10.99897,88
2,4,0,2,0,0.50394,0
2,4,0,2,1,2.77733,2
2,4,0,2,2,2.10302,13
2,4,0,2,3,6.09618,18
2,4,0,2,4,2.75722,21
2,4,0,3,0,0.29301,0
2,4,0,3,1,0.88662,0
2,4,0,3,2,0.25818,0
2,4,0,3,3,0.03638,0
2,4,0,3,4,0.39046,0
2,4,0,4,0,1.65223,1
2,4,0,4,1,0.95955,0
2,4,0,4,2,0.86644,0
2,4,0,4,3,6.36866,8
2,4,0,4,4,0.78229,0
2,4,1,0,0,0.26980,5
2,4,1,0,1,0.46982,0
2,4,1,0,2,0.31510,0
2,4,1,0,3,0.32870,0
2,4,1,0,4,0.01846,0
2,4,1,1,0,-0.23321,28
2,4,1,1,1,3.61136,18
2,4,1,1,2,-0.14422,1
2,4,1,1,3,3.62491,1
2,4,1,1,4,3.04040,40
2,4,1,2,0,0.12227,0
2,4,1,2,1,0.88210,0
2,4,1,2,2,0.59913,0
2,4,1,2,3,0.03650,0
2,4,1,2,4,0.57002,0
2,4,1,3,0,-0.40861,10
2,4,1,3,1,2.44081,12
2,4,1,3,2,0.84593,0
2,4,1,3,3,0.20365,0
2,4,1,3,4,-1.04765,5
2,4,1,4,0,1.23030,29
2,4,1,4,1,1.44120,7
2,4,1,4,2,0.18259,8
2,4,1,4,3,1.32167,11
2,4,1,4,4,0.49017,18
2,4,2,0,0,-1.21955,6
2,4,2,0,1,0.23806,0
2,4,2,0,2,0.41949,0
2,4,2,0,3,-0.26246,12
2,4,2,0,4,0.14539,19
2,4,2,1,0,0.34870,0
2,4,2,1,1,2.66239,6
2,4,2,1,2,1.28983,22
2,4,2,1,3,0.56824,0
2,4,2,1,4,3.85804,11
2,4,2,2,0,0.55857,0
2,4,2,2,1,0.23230,6
2,4,2,2,2,2.00853,3
2,4,2,2,3,0.04890,9
2,4,2,2,4,0.04387,4
2,4,2,3,0,0.25065,0
2,4,2,3,1,0.91521,0
2,4,2,3,2,0.48318,9
2,4,2,3,3,0.92739,0
2,4,2,3,4,0.81465,0
2,4,2,4,0,0.65260,0
2,4,2,4,1,2.81398,1
2,4,2,4,2,-1.18942,17
2,4,2,4,3,0.12351,0
2,4,2,4,4,-0.70578,25
2,4,3,0,0,0.39603,0
2,4,3,0,1,0.36155,0
2,4,3,0,2,-1.72475,11
2,4,3,0,3,1.08175,8
2,4,3,0,4,-0.33539,19
2,4,3,1,0,-2.23013,8
2,4,3,1,1,-2.27648,7
2,4,3,1,2,-2.14097,20
2,4,3,1,3,-2.01400,32
2,4,3,1,4,2.89115,58
2,4,3,2,0,0.32097,0
2,4,3,2,1,0.12335,0
2,4,3,2,2,-2.54186,17
2,4,3,2,3,3.51225,5
2,4,3,2,4,-2.25577,71
2,4,3,3,0,3.25685,4
2,4,3,3,1,0.71341,0
2,4,3,3,2,2.59259,16
2,4,3,3,3,2.02517,7
2,4,3,3,4,-2.50002,26
2,4,3,4,0,1.80290,5
2,4,3,4,1,-1.34279,7
2,4,3,4,2,-2.49793,53
2,4,3,4,3,-2.10851,26
2,4,3,4,4,-2.64884,113
2,4,4,0,0,0.51208,0
2,4,4,0,1,-2.90559,66
2,4,4,0,2,-2.62336,24
2,4,4,0,3,2.57897,5
2,4,4,0,4,-2.61095,6232
2,4,4,1,0,-3.00426,38
2,4,4,1,1,-2.93010,176
2,4,4,1,2,-3.01973,25
2,4,4,1,3,-3.00464,52
2,4,4,1,4,-2.61955,17036
2,4,4,2,0,-2.68231,56
2,4,4,2,1,-2.59667,167
2,4,4,2,2,-2.66683,22
2,4,4,2,3,-2.58673,31
2,4,4,2,4,-2.88676,18834
2,4,4,3,0,-2.57396,69
2,4,4,3,1,-2.59679,391
2,4,4,3,2,-2.61244,27
2,4,4,3,3,-1.43233,95
2,4,4,3,4,-2.61945,24199
2,4,4,4,0,-0.71504,19
2,4,4,4,1,-2.71237,29
2,4,4,4,2,-1.51360,30
2,4,4,4,3,-0.61943,69
2,4,4,4,4,-2.78206,6846
3,0,0,0,0,0.31489,0
3,0,0,0,1,0.88415,0
3,0,0,0,2,0.60147,0
3,0,0,0,3,0.64665,0
3,0,0,0,4,0.51771,0
3,0,0,1,0,0.09733,0
3,0,0,1,1,0.26705,0
3,0,0,1,2,0.86573,0
3,0,0,1,3,0.31199,0
3,0,0,1,4,0.66499,0
3,0,0,2,0,0.85421,0
3,0,0,2,1,0.05800,0
3,0,0,2,2,0.09610,0
3,0,0,2,3,0.54304,0
3,0,0,2,4,0.72738,0
3,0,0,3,0,0.16097,0
3,0,0,3,1,0.85794,0
3,0,0,3,2,0.45754,0
3,0,0,3,3,0.92579,0
3,0,0,3,4,0.60668,0
3,0,0,4,0,0.16663,0
3,0,0,4,1,0.38619,0
3,0,0,4,2,0.52477,0
3,0,0,4,3,0.95704,0
3,0,0,4,4,0.41467,0
3,0,1,0,0,0.63430,0
3,0,1,0,1,0.27493,0
3,0,1,0,2,0.04532,0
3,0,1,0,3,0.17419,0
3,0,1,0,4,0.88169,0
3,0,1,1,0,0.77892,7
3,0,1,1,1,4.98088,209
3,0,1,1,2,2.21053,18
3,0,1,1,3,0.97845,144
3,0,1,1,4,5.92639,645
3,0,1,2,0,6.16329,58
3,0,1,2,1,9.93955,1161
3,0,1,2,2,4.31933,324
3,0,1,2,3,4.99253,486
3,0,1,2,4,5.01827,2039
3,0,1,3,0,-0.03313,130
3,0,1,3,1,15.65899,1216
3,0,1,3,2,4.80477,137
3,0,1,3,3,5.19011,632
3,0,1,3,4,2.73735,1859
3,0,1,4,0,1.89417,91
3,0,1,4,1,7.74383,784
3,0,1,4,2,5.85743,177
3,0,1,4,3,4.64264,401
3,0,1,4,4,-0.26082,676
3,0,2,0,0,0.28303,0
3,0,2,0,1,0.59837,0
3,0,2,0,2,0.08365,0
3,0,2,0,3,0.21456,0
3,0,2,0,4,0.07257,0
3,0,2,1,0,3.90646,17
3,0,2,1,1,4.84603,327
3,0,2,1,2,5.54060,35
3,0,2,1,3,3.95994,32
3,0,2,1,4,3.56357,375
3,0,2,2,0,1.34586,54
3,0,2,2,1,4.06367,963
3,0,2,2,2,3.89100,189
3,0,2,2,3,1.46222,162
3,0,2,2,4,5.30354,1051
3,0,2,3,0,5.10759,105
3,0,2,3,1,-1.87449,1019
3,0,2,3,2,-1.64758,182
3,0,2,3,3,0.93323,283
3,0,2,3,4,7.17953,1257
3,0,2,4,0,-0.00988,26
3,0,2,4,1,6.10741,508
3,0,2,4,2,-0.67302,68
3,0,2,4,3,4.97370,62
3,0,2,4,4,1.20356,370
3,0,3,0,0,0.75028,0
3,0,3,0,1,0.38033,7
3,0,3,0,2,1.44876,2
3,0,3,0,3,0.55573,0
3,0,3,0,4,0.71492,7
3,0,3,1,0,-2.34988,91
3,0,3,1,1,1.43424,65
3,0,3,1,2,-0.34782,561
3,0,3,1,3,-1.13005,159
3,0,3,1,4,0.41276,824
3,0,3,2,0,1.28803,306
3,0,3,2,1,2.99349,224
3,0,3,2,2,0.61739,1642
3,0,3,2,3,1.44894,339
3,0,3,2,4,3.25792,2078
3,0,3,3,0,6.05317,310
3,0,3,3,1,-0.92903,202
3,0,3,3,2,-1.15244,1990
3,0,3,3,3,-0.03711,423
3,0,3,3,4,-1.00271,2304
3,0,3,4,0,-0.89925,75
3,0,3,4,1,2.67216,93
3,0,3,4,2,1.85156,651
3,0,3,4,3,1.59521,129
3,0,3,4,4,1.44313,855
3,0,4,0,0,0.90308,0
3,0,4,0,1,-2.08558,3
3,0,4,0,2,7.01259,8
3,0,4,0,3,0.19512,0
3,0,4,0,4,-2.56257,102
3,0,4,1,0,-2.80236,63
3,0,4,1,1,-2.59946,145
3,0,4,1,2,-2.89226,137
3,0,4,1,3,-1.40936,333
3,0,4,1,4,2.62446,4318
3,0,4,2,0,-2.42702,288
3,0,4,2,1,-2.60391,629
3,0,4,2,2,-0.01511,829
3,0,4,2,3,1.35443,1152
3,0,4,2,4,-0.96994,12315
3,0,4,3,0,-1.30767,346
3,0,4,3,1,-2.64102,775
3,0,4,3,2,-2.62962,1066
3,0,4,3,3,-1.15960,1562
3,0,4,3,4,6.69946,12387
3,0,4,4,0,-1.81928,157
3,0,4,4,1,-2.34709,217
3,0,4,4,2,-2.62718,309
3,0,4,4,3,1.25292,475
3,0,4,4,4,-1.62153,3224
3,1,0,0,0,0.25788,0
3,1,0,0,1,0.25074,0
3,1,0,0,2,0.14547,0
3,1,0,0,3,0.66882,0
3,1,0,0,4,0.09162,4
3,1,0,1,0,4.45826,3
3,1,0,1,1,0.13349,0
3,1,0,1,2,3.88248,15
3,1,0,1,3,4.49424,82
3,1,0,1,4,0.49368,1
3,1,0,2,0,-0.93434,1
3,1,0,2,1,3.31033,3
3,1,0,2,2,2.84409,341
3,1,0,2,3,9.66115,455
3,1,0,2,4,7.04858,50
3,1,0,3,0,6.16520,1
3,1,0,3,1,7.38149,14
3,1,0,3,2,10.00311,724
3,1,0,3,3,9.99078,539
3,1,0,3,4,8.06484,108
3,1,0,4,0,0.32123,0
3,1,0,4,1,2.37639,6
3,1,0,4,2,4.65968,92
3,1,0,4,3,5.94242,22
3,1,0,4,4,2.27949,5
3,1,1,0,0,-0.99511,6
3,1,1,0,1,0.47003,66
3,1,1,0,2,0.46760,2
3,1,1,0,3,-0.02858,68
3,1,1,0,4,-0.28427,14
3,1,1,1,0,-1.31285,306
3,1,1,1,1,8.13998,356
3,1,1,1,2,4.11942,212
3,1,1,1,3,5.39239,551
3,1,1,1,4,6.56566,1789
3,1,1,2,0,-2.06303,1337
3,1,1,2,1,9.70224,2383
3,1,1,2,2,-1.14843,667
3,1,1,2,3,2.70813,3270
3,1,1,2,4,9.94777,7627
3,1,1,3,0,0.06376,2009
3,1,1,3,1,9.29491,2528
3,1,1,3,2,3.49853,597
3,1,1,3,3,3.10472,3139
3,1,1,3,4,9.21713,9245
3,1,1,4,0,-2.14906,628
3,1,1,4,1,6.99571,498
3,1,1,4,2,6.03754,171
3,1,1,4,3,7.70306,491
3,1,1,4,4,6.66207,2425
3,1,2,0,0,-0.57551,2
3,1,2,0,1,0.19947,18
3,1,2,0,2,0.27685,16
3,1,2,0,3,-1.25180,35
3,1,2,0,4,0.07335,108
3,1,2,1,0,4.63979,195
3,1,2,1,1,3.57132,778
3,1,2,1,2,3.23108,873
3,1,2,1,3,4.71960,347
3,1,2,1,4,1.66488,2217
3,1,2,2,0,4.31732,917
3,1,2,2,1,3.05901,3927
3,1,2,2,2,3.82042,5407
3,1,2,2,3,0.08075,2083
3,1,2,2,4,3.48865,10573
3,1,2,3,0,0.06023,857
3,1,2,3,1,-2.49296,3577
3,1,2,3,2,-2.41479,6121
3,1,2,3,3,3.89494,1847
3,1,2,3,4,-1.70726,11236
3,1,2,4,0,4.22165,304
3,1,2,4,1,-2.46535,906
3,1,2,4,2,-1.55331,1279
3,1,2,4,3,2.50765,603
3,1,2,4,4,-2.50000,2924
3,1,3,0,0,-1.70669,7
3,1,3,0,1,-2.51245,24
3,1,3,0,2,-1.66131,13
3,1,3,0,3,-2.07734,11
3,1,3,0,4,-2.30255,91
3,1,3,1,0,-2.52085,504
3,1,3,1,1,-2.50871,688
3,1,3,1,2,-2.09885,731
3,1,3,1,3,-2.57820,1079
3,1,3,1,4,-2.19436,3565
3,1,3,2,0,1.52189,1835
3,1,3,2,1,4.09592,3444
3,1,3,2,2,8.28554,3455
3,1,3,2,3,-2.49553,3696
3,1,3,2,4,8.09505,13826
3,1,3,3,0,-2.44713,1879
3,1,3,3,1,-1.70541,3778
3,1,3,3,2,7.74870,3713
3,1,3,3,3,-2.48885,3293
3,1,3,3,4,8.74856,15160
3,1,3,4,0,-2.49401,595
3,1,3,4,1,-1.79651,928
3,1,3,4,2,5.12727,940
3,1,3,4,3,-1.35689,1056
3,1,3,4,4,1.07767,3828
3,1,4,0,0,-2.81327,21
3,1,4,0,1,-2.62246,64
3,1,4,0,2,-2.71206,94
3,1,4,0,3,3.32687,132
3,1,4,0,4,-2.73614,9233
3,1,4,1,0,-2.89616,958
3,1,4,1,1,-2.83526,1422
3,1,4,1,2,-2.84852,1241
3,1,4,1,3,-2.67802,2165
3,1,4,1,4,-2.50543,108965
3,1,4,2,0,-2.51979,4285
3,1,4,2,1,-2.52009,6516
3,1,4,2,2,-2.81328,4386
3,1,4,2,3,-0.30565,7864
3,1,4,2,4,-2.50200,255687
3,1,4,3,0,-2.61740,4364
3,1,4,3,1,-2.66388,7120
3,1,4,3,2,-2.50565,5338
3,1,4,3,3,-1.56329,7677
3,1,4,3,4,-1.52362,186302
3,1,4,4,0,-2.50871,1433
3,1,4,4,1,-2.50602,1984
3,1,4,4,2,-2.54225,1378
3,1,4,4,3,-1.26406,2387
3,1,4,4,4,-2.63270,31085
3,2,0,0,0,0.00469,0
3,2,0,0,1,0.60132,0
3,2,0,0,2,0.72345,0
3,2,0,0,3,0.34648,0
3,2,0,0,4,0.44327,0
3,2,0,1,0,0.09984,0
3,2,0,1,1,3.30161,4
3,2,0,1,2,3.20196,167
3,2,0,1,3,3.94433,80
3,2,0,1,4,4.59470,5
3,2,0,2,0,6.48876,17
3,2,0,2,1,7.32723,11
3,2,0,2,2,0.36480,193
3,2,0,2,3,7.16510,20
3,2,0,2,4,3.88564,31
3,2,0,3,0,6.20728,18
3,2,0,3,1,3.43908,20
3,2,0,3,2,8.52810,301
3,2,0,3,3,6.20853,38
3,2,0,3,4,8.85361,24
3,2,0,4,0,0.84380,0
3,2,0,4,1,4.72036,4
3,2,0,4,2,6.53828,174
3,2,0,4,3,1.45528,1
3,2,0,4,4,0.27826,0
3,2,1,0,0,-0.50523,10
3,2,1,0,1,0.35154,14
3,2,1,0,2,1.11697,5
3,2,1,0,3,-1.51858,4
3,2,1,0,4,0.07125,84
3,2,1,1,0,3.84459,151
3,2,1,1,1,-2.38461,255
3,2,1,1,2,5.94549,327
3,2,1,1,3,-0.08635,938
3,2,1,1,4,9.13378,1672
3,2,1,2,0,0.55774,365
3,2,1,2,1,0.98676,1012
3,2,1,2,2,4.85941,1522
3,2,1,2,3,5.94919,2028
3,2,1,2,4,9.71517,4702
3,2,1,3,0,0.32453,367
3,2,1,3,1,-1.80194,881
3,2,1,3,2,9.74325,1698
3,2,1,3,3,-1.20595,2596
3,2,1,3,4,6.36824,4665
3,2,1,4,0,4.94418,85
3,2,1,4,1,3.31732,185
3,2,1,4,2,-1.26284,467
3,2,1,4,3,2.85098,673
3,2,1,4,4,7.36918,1593
3,2,2,0,0,-0.99864,12
3,2,2,0,1,-1.47166,17
3,2,2,0,2,-1.46031,40
3,2,2,0,3,-1.73213,47
3,2,2,0,4,-2.49974,100
3,2,2,1,0,-2.37576,851
3,2,2,1,1,-1.16745,779
3,2,2,1,2,-2.49138,276
3,2,2,1,3,0.00664,995
3,2,2,1,4,-2.49989,2560
3,2,2,2,0,0.82531,3249
3,2,2,2,1,-0.97022,3020
3,2,2,2,2,-2.49989,1141
3,2,2,2,3,-1.16935,3206
3,2,2,2,4,4.94593,9306
3,2,2,3,0,8.19776,3935
3,2,2,3,1,-0.97038,3185
3,2,2,3,2,-1.74269,1135
3,2,2,3,3,0.27320,3293
3,2,2,3,4,-2.41686,10023
3,2,2,4,0,-2.29893,1294
3,2,2,4,1,-0.85227,742
3,2,2,4,2,4.09680,403
3,2,2,4,3,-1.45706,1254
3,2,2,4,4,-2.49574,2746
3,2,3,0,0,-2.48856,37
3,2,3,0,1,-2.29847,41
3,2,3,0,2,-2.78077,40
3,2,3,0,3,-2.56748,48
3,2,3,0,4,-1.82110,193
3,2,3,1,0,-2.65839,677
3,2,3,1,1,-2.64735,473
3,2,3,1,2,-2.54785,628
3,2,3,1,3,-2.66408,827
3,2,3,1,4,-0.94242,3763
3,2,3,2,0,-2.43952,2014
3,2,3,2,1,-2.50964,1538
3,2,3,2,2,-1.93285,2551
3,2,3,2,3,3.10797,2659
3,2,3,2,4,-2.27856,10922
3,2,3,3,0,-2.48529,2470
3,2,3,3,1,-1.35880,1288
3,2,3,3,2,-2.23329,2716
3,2,3,3,3,1.54175,3003
3,2,3,3,4,4.06570,11204
3,2,3,4,0,4.42115,909
3,2,3,4,1,-2.50020,492
3,2,3,4,2,-2.50017,650
3,2,3,4,3,-0.40977,1005
3,2,3,4,4,-2.55170,3679
3,2,4,0,0,-2.81325,90
3,2,4,0,1,-2.81327,108
3,2,4,0,2,-2.81325,216
3,2,4,0,3,-2.60749,360
3,2,4,0,4,-2.60760,29043
3,2,4,1,0,-2.95422,1114
3,2,4,1,1,-2.89606,1624
3,2,4,1,2,-2.86532,1850
3,2,4,1,3,-2.93239,2640
3,2,4,1,4,-2.50005,225110
3,2,4,2,0,-2.95422,5716
3,2,4,2,1,-2.89602,6378
3,2,4,2,2,-2.52380,6569
3,2,4,2,3,-2.81332,7881
3,2,4,2,4,-2.51264,528844
3,2,4,3,0,-2.88031,7814
3,2,4,3,1,-2.53587,6838
3,2,4,3,2,-2.50001,7371
3,2,4,3,3,-1.68042,7962
3,2,4,3,4,-2.50009,427748
3,2,4,4,0,-2.56942,2402
3,2,4,4,1,-2.50003,2150
3,2,4,4,2,-2.50005,2046
3,2,4,4,3,-2.65137,2383
3,2,4,4,4,-2.79786,59556
3,3,0,0,0,0.81610,0
3,3,0,0,1,0.42590,0
3,3,0,0,2,0.57933,0
3,3,0,0,3,0.11345,0
3,3,0,0,4,0.53676,0
3,3,0,1,0,1.33701,14
3,3,0,1,1,-0.23444,5
3,3,0,1,2,4.28805,74
3,3,0,1,3,2.69563,6
3,3,0,1,4,0.14752,0
3,3,0,2,0,4.47037,26
3,3,0,2,1,0.67215,0
3,3,0,2,2,6.61903,77
3,3,0,2,3,1.29650,15
3,3,0,2,4,3.37604,17
3,3,0,3,0,6.90065,57
3,3,0,3,1,4.36617,17
3,3,0,3,2,19.93509,111
3,3,0,3,3,4.25822,12
3,3,0,3,4,1.31228,4
3,3,0,4,0,10.01040,216
3,3,0,4,1,3.51711,1
3,3,0,4,2,6.02261,269
3,3,0,4,3,1.27965,12
3,3,0,4,4,4.31403,29
3,3,1,0,0,5.13824,13
3,3,1,0,1,-0.96548,24
3,3,1,0,2,-0.95793,6
3,3,1,0,3,-0.93597,13
3,3,1,0,4,-1.21555,69
3,3,1,1,0,10.00048,195
3,3,1,1,1,0.53785,244
3,3,1,1,2,9.37458,101
3,3,1,1,3,6.63515,435
3,3,1,1,4,10.00053,708
3,3,1,2,0,2.00469,313
3,3,1,2,1,-2.70704,104
3,3,1,2,2,9.80023,94
3,3,1,2,3,3.84281,342
3,3,1,2,4,3.79503,710
3,3,1,3,0,8.20890,301
3,3,1,3,1,0.88861,130
3,3,1,3,2,9.79966,182
3,3,1,3,3,1.70484,274
3,3,1,3,4,17.56915,739
3,3,1,4,0,5.74065,202
3,3,1,4,1,1.65801,146
3,3,1,4,2,0.65983,38
3,3,1,4,3,0.78182,224
3,3,1,4,4,5.55071,296
3,3,2,0,0,-2.49595,12
3,3,2,0,1,-0.29966,7
3,3,2,0,2,-0.69919,1
3,3,2,0,3,0.18890,14
3,3,2,0,4,-2.37451,76
3,3,2,1,0,-2.38706,674
3,3,2,1,1,0.29309,310
3,3,2,1,2,3.01983,136
3,3,2,1,3,-1.25123,212
3,3,2,1,4,8.75236,1057
3,3,2,2,0,-2.37405,1038
3,3,2,2,1,0.68264,627
3,3,2,2,2,3.93029,206
3,3,2,2,3,-1.97088,312
3,3,2,2,4,-1.77538,1631
3,3,2,3,0,-2.48416,1097
3,3,2,3,1,-1.48113,677
3,3,2,3,2,4.00796,216
3,3,2,3,3,3.70644,254
3,3,2,3,4,-2.00284,1930
3,3,2,4,0,6.37352,482
3,3,2,4,1,-0.47235,460
3,3,2,4,2,-0.37877,120
3,3,2,4,3,6.09401,151
3,3,2,4,4,-2.49570,1055
3,3,3,0,0,-2.20680,20
3,3,3,0,1,-2.63406,26
3,3,3,0,2,-2.53102,9
3,3,3,0,3,-2.14811,47
3,3,3,0,4,-2.65470,187
3,3,3,1,0,-2.73118,175
3,3,3,1,1,-2.52993,238
3,3,3,1,2,-2.75349,239
3,3,3,1,3,-2.60102,750
3,3,3,1,4,-2.63913,2302
3,3,3,2,0,2.64268,191
3,3,3,2,1,-1.58506,399
3,3,3,2,2,-2.44678,254
3,3,3,2,3,-0.23406,607
3,3,3,2,4,-1.48344,2863
3,3,3,3,0,-0.08400,331
3,3,3,3,1,-2.60894,419
3,3,3,3,2,4.01322,256
3,3,3,3,3,-1.62323,820
3,3,3,3,4,-0.57759,3284
3,3,3,4,0,-0.08433,169
3,3,3,4,1,-2.49996,278
3,3,3,4,2,-2.31915,124
3,3,3,4,3,2.61563,503
3,3,3,4,4,-1.30210,1734
3,3,4,0,0,-2.89716,27
3,3,4,0,1,-2.50442,107
3,3,4,0,2,-2.84782,268
3,3,4,0,3,-2.58697,356
3,3,4,0,4,-2.84807,28246
3,3,4,1,0,-2.98336,539
3,3,4,1,1,-2.98336,995
3,3,4,1,2,-2.98336,1316
3,3,4,1,3,-2.93426,1666
3,3,4,1,4,-2.56852,173595
3,3,4,2,0,-2.56939,892
3,3,4,2,1,-2.57280,2093
3,3,4,2,2,-2.61108,2514
3,3,4,2,3,-1.57478,3585
3,3,4,2,4,-2.53619,283910
3,3,4,3,0,-2.56779,1079
3,3,4,3,1,-2.65702,2067
3,3,4,3,2,-2.49992,2337
3,3,4,3,3,-1.15481,3550
3,3,4,3,4,-2.50803,279624
3,3,4,4,0,-2.52211,639
3,3,4,4,1,-2.60147,779
3,3,4,4,2,-2.50217,760
3,3,4,4,3,2.17268,1163
3,3,4,4,4,-2.61206,51767
3,4,0,0,0,0.64518,0
3,4,0,0,1,0.15983,0
3,4,0,0,2,0.79809,0
3,4,0,0,3,0.85767,0
3,4,0,0,4,0.00785,0
3,4,0,1,0,0.46224,0
3,4,0,1,1,0.50366,0
3,4,0,1,2,0.90302,0
3,4,0,1,3,0.85874,0
3,4,0,1,4,0.47186,0
3,4,0,2,0,0.72799,0
3,4,0,2,1,0.82978,0
3,4,0,2,2,0.91633,0
3,4,0,2,3,0.24748,0
3,4,0,2,4,0.13288,0
3,4,0,3,0,0.20301,0
3,4,0,3,1,0.76139,0
3,4,0,3,2,0.43059,0
3,4,0,3,3,0.99273,0
3,4,0,3,4,0.35236,0
3,4,0,4,0,0.59650,0
3,4,0,4,1,0.00629,0
3,4,0,4,2,0.09809,0
3,4,0,4,3,0.97819,0
3,4,0,4,4,0.83137,0
3,4,1,0,0,0.19984,5
3,4,1,0,1,0.17890,0
3,4,1,0,2,0.00417,3
3,4,1,0,3,0.98259,7
3,4,1,0,4,0.49982,52
3,4,1,1,0,0.00121,4
3,4,1,1,1,0.40710,4
3,4,1,1,2,0.82287,0
3,4,1,1,3,3.60133,17
3,4,1,1,4,3.52144,146
3,4,1,2,0,0.18170,0
3,4,1,2,1,0.04669,0
3,4,1,2,2,2.56509,80
3,4,1,2,3,2.51299,15
3,4,1,2,4,6.20121,15
3,4,1,3,0,2.91539,8
3,4,1,3,1,2.59313,5
3,4,1,3,2,0.96191,3
3,4,1,3,3,2.56693,5
3,4,1,3,4,-0.45066,108
3,4,1,4,0,0.85432,0
3,4,1,4,1,0.45131,0
3,4,1,4,2,0.01592,0
3,4,1,4,3,0.73984,0
3,4,1,4,4,0.90051,0
3,4,2,0,0,0.34694,8
3,4,2,0,1,0.04887,0
3,4,2,0,2,0.49134,5
3,4,2,0,3,-0.13977,1
3,4,2,0,4,0.02980,49
3,4,2,1,0,0.45117,0
3,4,2,1,1,1.45315,6
3,4,2,1,2,-2.28883,24
3,4,2,1,3,3.54372,7
3,4,2,1,4,1.68666,54
3,4,2,2,0,0.56587,0
3,4,2,2,1,2.30094,4
3,4,2,2,2,4.18830,13
3,4,2,2,3,0.54444,0
3,4,2,2,4,4.36667,10
3,4,2,3,0,0.47222,0
3,4,2,3,1,1.98226,2
3,4,2,3,2,-1.22113,28
3,4,2,3,3,1.69435,7
3,4,2,3,4,4.91485,73
3,4,2,4,0,0.38490,0
3,4,2,4,1,9.56544,19
3,4,2,4,2,2.02907,51
3,4,2,4,3,0.81808,3
3,4,2,4,4,0.01280,30
3,4,3,0,0,0.74940,0
3,4,3,0,1,-1.09649,11
3,4,3,0,2,-0.67513,4
3,4,3,0,3,0.10026,0
3,4,3,0,4,-0.55379,84
3,4,3,1,0,-0.49941,6
3,4,3,1,1,-0.67259,10
3,4,3,1,2,-0.79136,14
3,4,3,1,3,-2.50020,19
3,4,3,1,4,-1.13549,84
3,4,3,2,0,-2.06862,4
3,4,3,2,1,3.81971,20
3,4,3,2,2,0.97490,0
3,4,3,2,3,1.78805,2
3,4,3,2,4,5.30327,36
3,4,3,3,0,-0.20872,10
3,4,3,3,1,-1.31391,13
3,4,3,3,2,-0.55486,24
3,4,3,3,3,5.30742,23
3,4,3,3,4,-2.49987,95
3,4,3,4,0,-2.23138,49
3,4,3,4,1,-2.48201,17
3,4,3,4,2,0.14437,0
3,4,3,4,3,5.73692,39
3,4,3,4,4,-1.82418,100
3,4,4,0,0,-2.81176,34
3,4,4,0,1,-2.81327,43
3,4,4,0,2,-2.63936,48
3,4,4,0,3,-1.00763,1
3,4,4,0,4,-2.88694,7016
3,4,4,1,0,-2.92039,144
3,4,4,1,1,-2.95453,57
3,4,4,1,2,-2.92169,132
3,4,4,1,3,-2.91965,37
3,4,4,1,4,-2.62898,17719
3,4,4,2,0,-2.56682,248
3,4,4,2,1,-2.61549,80
3,4,4,2,2,-2.51218,142
3,4,4,2,3,2.59637,82
3,4,4,2,4,-2.66643,19957
3,4,4,3,0,-2.56351,425
3,4,4,3,1,-2.50217,62
3,4,4,3,2,-2.81326,233
3,4,4,3,3,-0.76458,79
3,4,4,3,4,-2.55182,26466
3,4,4,4,0,-2.50019,35
3,4,4,4,1,-2.62359,36
3,4,4,4,2,-2.59673,40
3,4,4,4,3,-0.25391,22
3,4,4,4,4,-2.57826,6574
4,0,0,0,0,0.96636,0
4,0,0,0,1,0.08729,0
4,0,0,0,2,0.21988,0
4,0,0,0,3,0.34703,0
4,0,0,0,4,0.33239,0
4,0,0,1,0,0.93009,0
4,0,0,1,1,0.98190,0
4,0,0,1,2,0.66903,0
4,0,0,1,3,0.80410,0
4,0,0,1,4,0.15951,0
4,0,0,2,0,3.31321,2
4,0,0,2,1,0.87052,0
4,0,0,2,2,4.46388,3
4,0,0,2,3,1.55727,4
4,0,0,2,4,0.59463,0
4,0,0,3,0,0.47951,0
4,0,0,3,1,0.41514,0
4,0,0,3,2,0.30760,0
4,0,0,3,3,0.08249,0
4,0,0,3,4,0.88641,0
4,0,0,4,0,0.70067,0
4,0,0,4,1,0.91822,0
4,0,0,4,2,0.29078,0
4,0,0,4,3,0.99515,0
4,0,0,4,4,0.78001,0
4,0,1,0,0,0.23401,0
4,0,1,0,1,0.26259,0
4,0,1,0,2,0.22459,0
4,0,1,0,3,0.19140,0
4,0,1,0,4,0.94512,0
4,0,1,1,0,4.80484,13
4,0,1,1,1,2.76036,556
4,0,1,1,2,3.49866,188
4,0,1,1,3,5.03486,181
4,0,1,1,4,-0.38518,518
4,0,1,2,0,5.12006,535
4,0,1,2,1,5.95366,1226
4,0,1,2,2,5.38108,418
4,0,1,2,3,3.66902,932
4,0,1,2,4,2.37456,3076
4,0,1,3,0,9.40596,335
4,0,1,3,1,-0.45258,1958
4,0,1,3,2,2.96643,457
4,0,1,3,3,7.77276,870
4,0,1,3,4,-1.37529,3356
4,0,1,4,0,6.30614,153
4,0,1,4,1,6.48272,343
4,0,1,4,2,5.55203,17
4,0,1,4,3,5.44295,245
4,0,1,4,4,-1.17445,791
4,0,2,0,0,0.74288,0
4,0,2,0,1,0.40523,0
4,0,2,0,2,0.04774,0
4,0,2,0,3,0.46300,0
4,0,2,0,4,0.55441,0
4,0,2,1,0,6.31505,297
4,0,2,1,1,-0.10993,67
4,0,2,1,2,-2.02886,48
4,0,2,1,3,2.00603,210
4,0,2,1,4,-0.11947,637
4,0,2,2,0,8.21832,1033
4,0,2,2,1,5.09364,220
4,0,2,2,2,0.64703,229
4,0,2,2,3,4.21166,359
4,0,2,2,4,9.35692,1747
4,0,2,3,0,7.58160,1259
4,0,2,3,1,1.11719,353
4,0,2,3,2,4.94767,278
4,0,2,3,3,4.01682,355
4,0,2,3,4,4.97225,2200
4,0,2,4,0,-2.49569,389
4,0,2,4,1,-2.44977,344
4,0,2,4,2,1.69843,82
4,0,2,4,3,3.83432,124
4,0,2,4,4,6.70273,590
4,0,3,0,0,0.49277,0
4,0,3,0,1,0.16729,0
4,0,3,0,2,0.66557,0
4,0,3,0,3,0.25785,0
4,0,3,0,4,-1.61715,25
4,0,3,1,0,-2.09159,109
4,0,3,1,1,-2.49973,107
4,0,3,1,2,-1.68637,665
4,0,3,1,3,0.44168,259
4,0,3,1,4,0.40009,1371
4,0,3,2,0,0.07588,231
4,0,3,2,1,-1.76314,240
4,0,3,2,2,-1.18491,2510
4,0,3,2,3,2.12823,814
4,0,3,2,4,1.43497,5049
4,0,3,3,0,-2.01167,297
4,0,3,3,1,-2.48005,314
4,0,3,3,2,3.01326,3346
4,0,3,3,3,6.62009,1093
4,0,3,3,4,8.05728,6287
4,0,3,4,0,4.96261,76
4,0,3,4,1,2.48729,111
4,0,3,4,2,-2.28619,974
4,0,3,4,3,6.73023,315
4,0,3,4,4,3.17144,1759
4,0,4,0,0,-0.83182,1
4,0,4,0,1,0.24737,2
4,0,4,0,2,0.17548,0
4,0,4,0,3,0.20631,17
4,0,4,0,4,-2.45899,74
4,0,4,1,0,-2.64255,265
4,0,4,1,1,-2.72500,387
4,0,4,1,2,-2.63976,378
4,0,4,1,3,-2.63953,1809
4,0,4,1,4,2.78977,10310
4,0,4,2,0,-1.38564,1041
4,0,4,2,1,-2.22505,1628
4,0,4,2,2,-0.39308,2334
4,0,4,2,3,-2.14522,6009
4,0,4,2,4,-0.58053,33641
4,0,4,3,0,-2.34853,1223
4,0,4,3,1,-2.18055,2370
4,0,4,3,2,-1.14885,2718
4,0,4,3,3,1.31133,8101
4,0,4,3,4,-2.34359,41259
4,0,4,4,0,-2.45154,417
4,0,4,4,1,-1.52035,602
4,0,4,4,2,-2.38425,896
4,0,4,4,3,3.41054,2128
4,0,4,4,4,-2.34116,9254
4,1,0,0,0,0.47459,0
4,1,0,0,1,0.56594,0
4,1,0,0,2,0.16478,0
4,1,0,0,3,0.95291,0
4,1,0,0,4,0.35749,0
4,1,0,1,0,0.76066,0
4,1,0,1,1,1.92582,68
4,1,0,1,2,8.32727,5
4,1,0,1,3,2.94127,8
4,1,0,1,4,0.98024,0
4,1,0,2,0,4.01800,79
4,1,0,2,1,0.09463,0
4,1,0,2,2,5.41697,53
4,1,0,2,3,4.55244,211
4,1,0,2,4,4.01606,3
4,1,0,3,0,7.21762,7
4,1,0,3,1,7.05799,7
4,1,0,3,2,3.72828,353
4,1,0,3,3,4.35545,312
4,1,0,3,4,6.46261,63
4,1,0,4,0,1.23093,4
4,1,0,4,1,0.92366,0
4,1,0,4,2,9.97279,60
4,1,0,4,3,1.46951,18
4,1,0,4,4,0.32722,0
4,1,1,0,0,0.73645,4
4,1,1,0,1,1.33682,3
4,1,1,0,2,0.44788,3
4,1,1,0,3,0.97919,0
4,1,1,0,4,0.70509,13
4,1,1,1,0,5.38975,159
4,1,1,1,1,-1.00271,284
4,1,1,1,2,5.25532,536
4,1,1,1,3,4.34012,779
4,1,1,1,4,-1.07627,1488
4,1,1,2,0,7.74921,1208
4,1,1,2,1,2.73966,1443
4,1,1,2,2,5.48463,2025
4,1,1,2,3,2.56879,2518
4,1,1,2,4,-1.43952,5946
4,1,1,3,0,2.89462,571
4,1,1,3,1,-2.49975,2035
4,1,1,3,2,5.41721,2620
4,1,1,3,3,7.42631,4006
4,1,1,3,4,8.61277,7847
4,1,1,4,0,4.08121,128
4,1,1,4,1,-2.49988,480
4,1,1,4,2,6.40666,471
4,1,1,4,3,5.89960,677
4,1,1,4,4,-2.49975,2024
4,1,2,0,0,0.25038,0
4,1,2,0,1,-2.13972,22
4,1,2,0,2,-2.02859,11
4,1,2,0,3,-0.19611,6
4,1,2,0,4,-2.28976,66
4,1,2,1,0,7.29555,332
4,1,2,1,1,3.99482,1554
4,1,2,1,2,2.53182,562
4,1,2,1,3,6.67900,609
4,1,2,1,4,2.47635,3502
4,1,2,2,0,5.54700,1317
4,1,2,2,1,5.75050,7724
4,1,2,2,2,4.50012,2232
4,1,2,2,3,4.22967,2708
4,1,2,2,4,3.04395,16246
4,1,2,3,0,5.57481,1126
4,1,2,3,1,1.47004,9629
4,1,2,3,2,-2.14057,2480
4,1,2,3,3,-0.23211,2926
4,1,2,3,4,6.47203,18244
4,1,2,4,0,-2.49916,293
4,1,2,4,1,-2.44971,2150
4,1,2,4,2,4.69073,710
4,1,2,4,3,0.76460,835
4,1,2,4,4,-2.49999,4297
4,1,3,0,0,-2.59614,35
4,1,3,0,1,-2.16205,54
4,1,3,0,2,-1.17340,11
4,1,3,0,3,-1.20600,17
4,1,3,0,4,-1.66236,337
4,1,3,1,0,-2.61495,1208
4,1,3,1,1,-2.44651,1295
4,1,3,1,2,1.93490,856
4,1,3,1,3,-2.42856,1280
4,1,3,1,4,5.07902,7211
4,1,3,2,0,-2.44144,6590
4,1,3,2,1,-2.46688,5553
4,1,3,2,2,3.29083,4574
4,1,3,2,3,-1.13689,5288
4,1,3,2,4,5.86049,33316
4,1,3,3,0,-0.78864,7307
4,1,3,3,1,0.69734,5563
4,1,3,3,2,5.07043,6688
4,1,3,3,3,6.87159,5516
4,1,3,3,4,2.48041,36283
4,1,3,4,0,4.31948,1774
4,1,3,4,1,0.33472,1174
4,1,3,4,2,9.74572,1565
4,1,3,4,3,1.83463,1732
4,1,3,4,4,8.21253,8191
4,1,4,0,0,2.39003,35
4,1,4,0,1,-2.49992,109
4,1,4,0,2,-2.32567,92
4,1,4,0,3,-1.46560,221
4,1,4,0,4,-2.76050,15311
4,1,4,1,0,-2.78137,2599
4,1,4,1,1,-2.73087,4236
4,1,4,1,2,-2.76871,3441
4,1,4,1,3,-2.78179,7625
4,1,4,1,4,-2.39354,220914
4,1,4,2,0,-2.35237,12322
4,1,4,2,1,-1.87231,27930
4,1,4,2,2,-1.53188,19283
4,1,4,2,3,0.03707,38905
4,1,4,2,4,-2.50000,610009
4,1,4,3,0,-1.80405,15297
4,1,4,3,1,-1.59554,35112
4,1,4,3,2,-2.48107,26175
4,1,4,3,3,2.40796,43543
4,1,4,3,4,-1.37741,567265
4,1,4,4,0,-2.00895,4452
4,1,4,4,1,-2.05259,6856
4,1,4,4,2,-2.42256,7076
4,1,4,4,3,3.24705,10296
4,1,4,4,4,-2.33218,122733
4,2,0,0,0,0.25550,0
4,2,0,0,1,0.52023,0
4,2,0,0,2,0.18578,0
4,2,0,0,3,0.45745,0
4,2,0,0,4,0.38073,0
4,2,0,1,0,3.95935,13
4,2,0,1,1,4.74788,100
4,2,0,1,2,6.65668,69
4,2,0,1,3,4.46308,36
4,2,0,1,4,5.19392,25
4,2,0,2,0,8.59933,39
4,2,0,2,1,5.97103,434
4,2,0,2,2,9.97575,270
4,2,0,2,3,8.81431,85
4,2,0,2,4,8.61134,21
4,2,0,3,0,7.44165,29
4,2,0,3,1,9.44607,339
4,2,0,3,2,6.62620,253
4,2,0,3,3,8.02165,104
4,2,0,3,4,2.77431,1
4,2,0,4,0,5.21758,89
4,2,0,4,1,2.66442,20
4,2,0,4,2,-0.69408,38
4,2,0,4,3,5.03401,2
4,2,0,4,4,0.27074,0
4,2,1,0,0,0.26034,0
4,2,1,0,1,-0.37503,15
4,2,1,0,2,0.27702,5
4,2,1,0,3,0.39526,14
4,2,1,0,4,0.23595,31
4,2,1,1,0,4.79036,99
4,2,1,1,1,7.03845,96
4,2,1,1,2,3.56497,385
4,2,1,1,3,-1.21549,420
4,2,1,1,4,6.06328,1562
4,2,1,2,0,5.80585,463
4,2,1,2,1,1.14937,381
4,2,1,2,2,5.91745,401
4,2,1,2,3,5.53068,2064
4,2,1,2,4,5.03409,5157
4,2,1,3,0,6.98372,492
4,2,1,3,1,6.56641,522
4,2,1,3,2,6.63175,343
4,2,1,3,3,5.19151,2899
4,2,1,3,4,4.65723,5277
4,2,1,4,0,7.46585,246
4,2,1,4,1,8.87721,212
4,2,1,4,2,8.76755,251
4,2,1,4,3,9.35237,613
4,2,1,4,4,2.27307,1494
4,2,2,0,0,-1.20869,24
4,2,2,0,1,-2.45407,19
4,2,2,0,2,-2.49896,23
4,2,2,0,3,-0.90179,34
4,2,2,0,4,-2.46345,81
4,2,2,1,0,-0.48225,180
4,2,2,1,1,-1.06631,458
4,2,2,1,2,-2.43967,939
4,2,2,1,3,-0.12839,1376
4,2,2,1,4,-1.21573,2760
4,2,2,2,0,4.30742,569
4,2,2,2,1,7.62653,1144
4,2,2,2,2,-2.43582,4677
4,2,2,2,3,-1.59852,5227
4,2,2,2,4,6.81858,9434
4,2,2,3,0,3.44226,627
4,2,2,3,1,-1.34391,1285
4,2,2,3,2,-2.49823,4319
4,2,2,3,3,1.83895,5540
4,2,2,3,4,5.19462,10134
4,2,2,4,0,4.04448,223
4,2,2,4,1,-2.30232,405
4,2,2,4,2,-2.48952,1322
4,2,2,4,3,-2.28823,1376
4,2,2,4,4,0.82409,2860
4,2,3,0,0,-2.62732,61
4,2,3,0,1,-1.53495,57
4,2,3,0,2,-2.49983,30
4,2,3,0,3,-2.62923,68
4,2,3,0,4,-2.20005,435
4,2,3,1,0,-2.53979,1347
4,2,3,1,1,-2.49869,1623
4,2,3,1,2,-2.53979,830
4,2,3,1,3,-2.56205,1444
4,2,3,1,4,-2.78159,7640
4,2,3,2,0,1.83983,3647
4,2,3,2,1,6.94307,7513
4,2,3,2,2,-2.54659,2295
4,2,3,2,3,4.39232,4466
4,2,3,2,4,2.93959,24725
4,2,3,3,0,2.28828,4471
4,2,3,3,1,3.33758,9008
4,2,3,3,2,-2.50676,2360
4,2,3,3,3,0.05081,4353
4,2,3,3,4,2.46661,25132
4,2,3,4,0,1.35300,1483
4,2,3,4,1,-2.49500,2743
4,2,3,4,2,3.41818,689
4,2,3,4,3,0.87536,1535
4,2,3,4,4,0.50885,7114
4,2,4,0,0,-2.49105,163
4,2,4,0,1,-2.64414,326
4,2,4,0,2,-2.63275,400
4,2,4,0,3,-2.81398,711
4,2,4,0,4,-2.57028,52578
4,2,4,1,0,-2.84793,4490
4,2,4,1,1,-2.82067,8114
4,2,4,1,2,-2.71879,7990
4,2,4,1,3,-2.82106,11654
4,2,4,1,4,-2.69590,503363
4,2,4,2,0,-2.34691,151127
4,2,4,2,1,-2.17832,34540
4,2,4,2,2,-0.47968,31163
4,2,4,2,3,-2.38486,55485
4,2,4,2,4,-1.77071,1413334
4,2,4,3,0,-1.62963,19471
4,2,4,3,1,-2.16103,42808
4,2,4,3,2,-1.58001,37713
4,2,4,3,3,-0.10333,62033
4,2,4,3,4,-0.45419,1107452
4,2,4,4,0,-2.19104,6954
4,2,4,4,1,-0.83177,10952
4,2,4,4,2,-1.15523,11131
4,2,4,4,3,-0.89929,19315
4,2,4,4,4,-1.68281,237596
4,3,0,0,0,0.01064,0
4,3,0,0,1,0.75882,0
4,3,0,0,2,0.72899,0
4,3,0,0,3,0.55278,0
4,3,0,0,4,0.72150,0
4,3,0,1,0,0.79773,0
4,3,0,1,1,9.45461,50
4,3,0,1,2,9.50298,55
4,3,0,1,3,4.12774,5
4,3,0,1,4,7.46179,12
4,3,0,2,0,6.34872,5
4,3,0,2,1,9.45458,148
4,3,0,2,2,9.69360,127
4,3,0,2,3,6.38743,66
4,3,0,2,4,1.16167,4
4,3,0,3,0,0.54343,0
4,3,0,3,1,0.09552,67
4,3,0,3,2,0.98076,75
4,3,0,3,3,2.51428,18
4,3,0,3,4,3.73813,14
4,3,0,4,0,0.91633,0
4,3,0,4,1,-1.91990,42
4,3,0,4,2,-0.87565,33
4,3,0,4,3,1.33958,5
4,3,0,4,4,1.13006,7
4,3,1,0,0,0.29216,16
4,3,1,0,1,-0.53243,11
4,3,1,0,2,-0.28683,4
4,3,1,0,3,-0.49936,5
4,3,1,0,4,1.68021,58
4,3,1,1,0,10.00223,324
4,3,1,1,1,1.18306,120
4,3,1,1,2,2.22978,143
4,3,1,1,3,6.87138,161
4,3,1,1,4,10.00017,973
4,3,1,2,0,6.98874,256
4,3,1,2,1,3.79295,139
4,3,1,2,2,5.28527,319
4,3,1,2,3,5.51003,257
4,3,1,2,4,4.83988,906
4,3,1,3,0,2.35345,305
4,3,1,3,1,3.84660,175
4,3,1,3,2,-1.81464,135
4,3,1,3,3,3.84624,200
4,3,1,3,4,8.18044,1354
4,3,1,4,0,6.74238,249
4,3,1,4,1,4.87570,122
4,3,1,4,2,4.48991,92
4,3,1,4,3,4.48211,77
4,3,1,4,4,-1.02059,383
4,3,2,0,0,-0.00961,6
4,3,2,0,1,0.04604,14
4,3,2,0,2,0.49608,27
4,3,2,0,3,0.35583,48
4,3,2,0,4,-0.55763,171
4,3,2,1,0,5.54593,29
4,3,2,1,1,2.09002,126
4,3,2,1,2,-0.62565,274
4,3,2,1,3,8.80237,407
4,3,2,1,4,3.68139,861
4,3,2,2,0,5.63117,41
4,3,2,2,1,1.00826,150
4,3,2,2,2,1.10969,338
4,3,2,2,3,8.63877,663
4,3,2,2,4,-0.43140,1406
4,3,2,3,0,0.38497,53
4,3,2,3,1,-0.02852,160
4,3,2,3,2,-1.24671,482
4,3,2,3,3,9.85969,507
4,3,2,3,4,-2.50433,1208
4,3,2,4,0,2.93918,23
4,3,2,4,1,1.75939,89
4,3,2,4,2,-0.98889,154
4,3,2,4,3,4.83709,241
4,3,2,4,4,-1.32031,591
4,3,3,0,0,1.08346,29
4,3,3,0,1,-1.73019,30
4,3,3,0,2,-2.39815,30
4,3,3,0,3,-1.39677,65
4,3,3,0,4,7.66625,335
4,3,3,1,0,-2.66053,1184
4,3,3,1,1,-2.50007,363
4,3,3,1,2,-2.75340,454
4,3,3,1,3,-2.57843,659
4,3,3,1,4,-2.50000,3885
4,3,3,2,0,-1.37456,1314
4,3,3,2,1,-2.49965,676
4,3,3,2,2,2.55039,735
4,3,3,2,3,-2.48944,595
4,3,3,2,4,9.35752,6315
4,3,3,3,0,-1.66841,1377
4,3,3,3,1,-1.05119,564
4,3,3,3,2,-0.37996,823
4,3,3,3,3,-1.24429,551
4,3,3,3,4,-1.71004,6938
4,3,3,4,0,-1.23144,628
4,3,3,4,1,1.95798,257
4,3,3,4,2,-1.89700,274
4,3,3,4,3,0.67158,412
4,3,3,4,4,1.67730,3429
4,3,4,0,0,-2.44189,169
4,3,4,0,1,-2.20469,561
4,3,4,0,2,-2.56027,287
4,3,4,0,3,-2.14719,429
4,3,4,0,4,-2.56093,57463
4,3,4,1,0,-2.92838,3079
4,3,4,1,1,-2.82731,8092
4,3,4,1,2,-2.16814,4093
4,3,4,1,3,-2.92849,7135
4,3,4,1,4,-2.58786,418756
4,3,4,2,0,-2.53192,4071
4,3,4,2,1,-2.49999,14688
4,3,4,2,2,-1.87820,5950
4,3,4,2,3,-2.04305,10729
4,3,4,2,4,-0.56604,607010
4,3,4,3,0,-2.56785,5341
4,3,4,3,1,-1.23773,14343
4,3,4,3,2,-2.29856,7005
4,3,4,3,3,0.78113,11317
4,3,4,3,4,-1.08332,630718
4,3,4,4,0,-1.77561,4445
4,3,4,4,1,-1.57244,7248
4,3,4,4,2,-2.63451,2815
4,3,4,4,3,6.02916,6801
4,3,4,4,4,-2.29064,196845
4,4,0,0,0,0.10607,0
4,4,0,0,1,0.92808,0
4,4,0,0,2,0.33753,0
4,4,0,0,3,0.70029,0
4,4,0,0,4,0.36672,0
4,4,0,1,0,0.49571,0
4,4,0,1,1,0.85691,0
4,4,0,1,2,0.39939,0
4,4,0,1,3,0.81372,0
4,4,0,1,4,0.41834,0
4,4,0,2,0,0.12108,0
4,4,0,2,1,0.80895,0
4,4,0,2,2,0.50736,0
4,4,0,2,3,0.96813,0
4,4,0,2,4,0.46491,0
4,4,0,3,0,0.22647,0
4,4,0,3,1,0.95593,0
4,4,0,3,2,0.27909,0
4,4,0,3,3,0.46951,0
4,4,0,3,4,0.54620,0
4,4,0,4,0,0.49977,0
4,4,0,4,1,0.98567,0
4,4,0,4,2,0.53823,0
4,4,0,4,3,0.31826,0
4,4,0,4,4,0.59667,0
4,4,1,0,0,0.06851,0
4,4,1,0,1,0.37605,0
4,4,1,0,2,0.58596,0
4,4,1,0,3,0.88620,0
4,4,1,0,4,0.36984,0
4,4,1,1,0,0.40666,0
4,4,1,1,1,0.67140,0
4,4,1,1,2,0.60655,0
4,4,1,1,3,0.39593,65
4,4,1,1,4,0.74847,0
4,4,1,2,0,0.20566,0
4,4,1,2,1,0.66546,0
4,4,1,2,2,0.56220,0
4,4,1,2,3,2.39053,7
4,4,1,2,4,6.57526,10
4,4,1,3,0,0.42498,0
4,4,1,3,1,0.44494,0
4,4,1,3,2,0.64346,0
4,4,1,3,3,-1.53642,163
4,4,1,3,4,6.01342,48
4,4,1,4,0,0.58731,0
4,4,1,4,1,0.37643,0
4,4,1,4,2,0.22680,0
4,4,1,4,3,0.09542,0
4,4,1,4,4,9.96838,9
4,4,2,0,0,1.39775,7
4,4,2,0,1,0.69760,0
4,4,2,0,2,1.83288,4
4,4,2,0,3,1.33135,10
4,4,2,0,4,-1.04026,53
4,4,2,1,0,0.16493,0
4,4,2,1,1,0.82746,0
4,4,2,1,2,-0.47397,16
4,4,2,1,3,4.49611,12
4,4,2,1,4,3.32569,7
4,4,2,2,0,5.03118,13
4,4,2,2,1,3.92566,3
4,4,2,2,2,9.31681,30
4,4,2,2,3,4.53839,32
4,4,2,2,4,1.38214,44
4,4,2,3,0,0.17475,0
4,4,2,3,1,3.19264,4
4,4,2,3,2,6.71474,31
4,4,2,3,3,2.18898,16
4,4,2,3,4,7.48834,26
4,4,2,4,0,0.56796,0
4,4,2,4,1,-0.14471,5
4,4,2,4,2,4.26806,11
4,4,2,4,3,2.57838,29
4,4,2,4,4,5.14912,21
4,4,3,0,0,-1.04030,9
4,4,3,0,1,-0.97249,12
4,4,3,0,2,0.19757,8
4,4,3,0,3,0.07043,32
4,4,3,0,4,-0.05859,35
4,4,3,1,0,1.19428,41
4,4,3,1,1,0.78870,16
4,4,3,1,2,0.95159,39
4,4,3,1,3,-0.52085,57
4,4,3,1,4,-2.51630,111
4,4,3,2,0,-1.17255,14
4,4,3,2,1,6.29675,9
4,4,3,2,2,1.00746,43
4,4,3,2,3,5.57382,15
4,4,3,2,4,-2.50004,202
4,4,3,3,0,5.83266,22
4,4,3,3,1,9.03394,7
4,4,3,3,2,-1.62896,28
4,4,3,3,3,5.88722,16
4,4,3,3,4,-2.59983,51
4,4,3,4,0,5.17209,20
4,4,3,4,1,4.59173,4
4,4,3,4,2,3.48851,15
4,4,3,4,3,3.67019,40
4,4,3,4,4,1.02946,85
4,4,4,0,0,-1.33381,186
4,4,4,0,1,-1.98498,182
4,4,4,0,2,-2.62260,55
4,4,4,0,3,2.24820,98
4,4,4,0,4,-1.10805,13676
4,4,4,1,0,-2.64973,737
4,4,4,1,1,-2.75367,956
4,4,4,1,2,-2.78174,239
4,4,4,1,3,-2.78189,332
4,4,4,1,4,-2.25341,43957
4,4,4,2,0,-2.39762,672
4,4,4,2,1,-1.48422,633
4,4,4,2,2,-1.93470,151
4,4,4,2,3,2.56500,168
4,4,4,2,4,-2.45127,43461
4,4,4,3,0,-2.03840,989
4,4,4,3,1,-2.14733,907
4,4,4,3,2,-2.45617,176
4,4,4,3,3,1.44611,136
4,4,4,3,4,-2.18377,57369
4,4,4,4,0,-1.37920,383
4,4,4,4,1,-0.36559,424
4,4,4,4,2,-1.67427,113
4,4,4,4,3,0.20368,305
4,4,4,4,4,-1.70689,19241
