3125
5
0,0,0,0,0,0.84176,0
0,0,0,0,1,0.77367,0
0,0,0,0,2,0.39061,0
0,0,0,0,3,0.68287,0
0,0,0,0,4,0.33385,0
0,0,0,1,0,0.65337,0
0,0,0,1,1,0.77605,0
0,0,0,1,2,0.60659,0
0,0,0,1,3,0.56696,0
0,0,0,1,4,0.30902,0
0,0,0,2,0,0.55754,0
0,0,0,2,1,0.74599,0
0,0,0,2,2,0.48591,0
0,0,0,2,3,0.31211,0
0,0,0,2,4,0.64636,0
0,0,0,3,0,0.37230,0
0,0,0,3,1,0.27934,0
0,0,0,3,2,0.33785,0
0,0,0,3,3,0.45945,0
0,0,0,3,4,0.69137,0
0,0,0,4,0,0.97826,0
0,0,0,4,1,0.94040,0
0,0,0,4,2,0.16590,0
0,0,0,4,3,0.47610,0
0,0,0,4,4,0.87918,0
0,0,1,0,0,0.07051,4
0,0,1,0,1,0.63087,0
0,0,1,0,2,0.28014,0
0,0,1,0,3,0.43610,0
0,0,1,0,4,0.51471,4
0,0,1,1,0,-2.62717,8
0,0,1,1,1,-2.97306,223
0,0,1,1,2,-1.98181,40
0,0,1,1,3,-3.03363,12
0,0,1,1,4,-3.33491,133
0,0,1,2,0,-2.32684,10
0,0,1,2,1,-2.79292,439
0,0,1,2,2,-0.55513,70
0,0,1,2,3,-0.31985,6
0,0,1,2,4,-3.13409,253
0,0,1,3,0,-0.64462,17
0,0,1,3,1,0.04732,661
0,0,1,3,2,-2.49633,72
0,0,1,3,3,-1.72564,26
0,0,1,3,4,-3.07177,408
0,0,1,4,0,-3.14813,11
0,0,1,4,1,-2.98519,307
0,0,1,4,2,-2.82277,26
0,0,1,4,3,-3.67794,22
0,0,1,4,4,-3.30604,219
0,0,2,0,0,-0.49294,4
0,0,2,0,1,-0.27009,3
0,0,2,0,2,0.34942,0
0,0,2,0,3,-0.24805,3
0,0,2,0,4,0.25157,0
0,0,2,1,0,-3.14010,58
0,0,2,1,1,-2.82872,58
0,0,2,1,2,-3.02107,18
0,0,2,1,3,-1.82439,4
0,0,2,1,4,-2.90088,16
0,0,2,2,0,-3.00306,237
0,0,2,2,1,-2.69473,196
0,0,2,2,2,-2.01084,90
0,0,2,2,3,-2.90030,13
0,0,2,2,4,-2.67548,43
0,0,2,3,0,-2.75319,405
0,0,2,3,1,-2.84538,357
0,0,2,3,2,-3.03594,119
0,0,2,3,3,-2.68110,14
0,0,2,3,4,-1.56230,43
0,0,2,4,0,-3.26349,240
0,0,2,4,1,-3.34005,154
0,0,2,4,2,-3.50329,56
0,0,2,4,3,-3.03404,18
0,0,2,4,4,-1.06149,25
0,0,3,0,0,0.13877,0
0,0,3,0,1,0.08150,0
0,0,3,0,2,0.33535,0
0,0,3,0,3,0.47411,0
0,0,3,0,4,0.79614,0
0,0,3,1,0,-2.93901,5
0,0,3,1,1,-2.99840,18
0,0,3,1,2,-2.93909,14
0,0,3,1,3,-2.93181,16
0,0,3,1,4,-2.83760,95
0,0,3,2,0,-3.41999,8
0,0,3,2,1,2.01595,44
0,0,3,2,2,-1.14024,61
0,0,3,2,3,-0.85252,16
0,0,3,2,4,1.56387,235
0,0,3,3,0,1.55286,14
0,0,3,3,1,-3.15109,111
0,0,3,3,2,-2.59860,99
0,0,3,3,3,-1.88685,29
0,0,3,3,4,-3.08600,382
0,0,3,4,0,-0.01681,1
0,0,3,4,1,-2.88775,39
0,0,3,4,2,-2.57761,58
0,0,3,4,3,-0.91042,2
0,0,3,4,4,-3.07805,136
0,0,4,0,0,0.57045,0
0,0,4,0,1,0.85866,0
0,0,4,0,2,0.47958,0
0,0,4,0,3,0.40105,0
0,0,4,0,4,0.89575,0
0,0,4,1,0,-3.03793,3
0,0,4,1,1,-2.82617,16
0,0,4,1,2,-2.98929,7
0,0,4,1,3,-2.79352,7
0,0,4,1,4,-3.04105,12
0,0,4,2,0,2.93830,19
0,0,4,2,1,-2.95503,27
0,0,4,2,2,-3.13412,14
0,0,4,2,3,-3.15702,57
0,0,4,2,4,-2.20767,17
0,0,4,3,0,-1.99771,47
0,0,4,3,1,-2.55696,29
0,0,4,3,2,-2.55696,12
0,0,4,3,3,-2.95990,88
0,0,4,3,4,-1.68321,20
0,0,4,4,0,-0.54890,17
0,0,4,4,1,-1.09148,10
0,0,4,4,2,-1.28473,1
0,0,4,4,3,-1.44812,22
0,0,4,4,4,0.45829,3
0,1,0,0,0,0.92434,0
0,1,0,0,1,0.35152,0
0,1,0,0,2,0.54495,0
0,1,0,0,3,0.75134,0
0,1,0,0,4,0.91331,0
0,1,0,1,0,0.21878,0
0,1,0,1,1,0.77289,0
0,1,0,1,2,0.84534,0
0,1,0,1,3,0.32841,0
0,1,0,1,4,0.50555,0
0,1,0,2,0,10.00178,206
0,1,0,2,1,9.98967,4
0,1,0,2,2,9.95246,4
0,1,0,2,3,9.99998,42
0,1,0,2,4,8.51498,19
0,1,0,3,0,-2.92975,394
0,1,0,3,1,-2.49985,8
0,1,0,3,2,-2.49995,14
0,1,0,3,3,-2.49997,23
0,1,0,3,4,-2.49997,11
0,1,0,4,0,-2.92975,574
0,1,0,4,1,-2.49998,12
0,1,0,4,2,-2.49998,12
0,1,0,4,3,-2.50000,16
0,1,0,4,4,-2.49831,11
0,1,1,0,0,-0.59476,2
0,1,1,0,1,-0.35594,4
0,1,1,0,2,-0.35589,4
0,1,1,0,3,-0.52435,1
0,1,1,0,4,-0.11777,4
0,1,1,1,0,-2.86398,13
0,1,1,1,1,-2.19763,17
0,1,1,1,2,-3.28194,12
0,1,1,1,3,-0.97786,146
0,1,1,1,4,-2.47536,374
0,1,1,2,0,-2.54034,30
0,1,1,2,1,-1.69839,143
0,1,1,2,2,-1.10446,45
0,1,1,2,3,-0.52980,533
0,1,1,2,4,-2.00355,1926
0,1,1,3,0,-1.33604,25
0,1,1,3,1,0.60548,158
0,1,1,3,2,-1.52184,59
0,1,1,3,3,0.29493,367
0,1,1,3,4,0.04743,2593
0,1,1,4,0,-1.48783,3
0,1,1,4,1,-2.60599,35
0,1,1,4,2,-2.71499,8
0,1,1,4,3,-2.59539,139
0,1,1,4,4,-2.84289,868
0,1,2,0,0,-1.22582,9
0,1,2,0,1,-1.61656,13
0,1,2,0,2,-1.22580,8
0,1,2,0,3,-1.22587,16
0,1,2,0,4,-1.95235,13
0,1,2,1,0,-3.11465,7
0,1,2,1,1,-3.01461,65
0,1,2,1,2,-3.18815,181
0,1,2,1,3,-3.12757,191
0,1,2,1,4,-3.36701,134
0,1,2,2,0,-1.96088,37
0,1,2,2,1,-1.95641,90
0,1,2,2,2,-2.23577,753
0,1,2,2,3,7.20771,527
0,1,2,2,4,-1.60083,559
0,1,2,3,0,-2.91547,58
0,1,2,3,1,-2.44561,144
0,1,2,3,2,-1.39435,605
0,1,2,3,3,-2.69854,878
0,1,2,3,4,-2.82360,560
0,1,2,4,0,-2.96496,32
0,1,2,4,1,-3.05847,80
0,1,2,4,2,9.97230,210
0,1,2,4,3,-3.25012,330
0,1,2,4,4,-3.00252,345
0,1,3,0,0,0.56128,6
0,1,3,0,1,0.98725,0
0,1,3,0,2,0.33403,11
0,1,3,0,3,0.39102,12
0,1,3,0,4,0.41352,6
0,1,3,1,0,-3.30997,16
0,1,3,1,1,-2.87496,259
0,1,3,1,2,-3.31233,40
0,1,3,1,3,-3.60621,86
0,1,3,1,4,-3.06483,40
0,1,3,2,0,-1.07698,162
0,1,3,2,1,-3.14679,952
0,1,3,2,2,-0.47274,139
0,1,3,2,3,-3.05122,262
0,1,3,2,4,-3.54732,120
0,1,3,3,0,-3.07422,193
0,1,3,3,1,0.25929,942
0,1,3,3,2,-1.20944,121
0,1,3,3,3,-3.11976,308
0,1,3,3,4,-3.28448,164
0,1,3,4,0,-2.78279,71
0,1,3,4,1,-3.10936,423
0,1,3,4,2,-3.52464,105
0,1,3,4,3,-2.57407,102
0,1,3,4,4,-2.45408,80
0,1,4,0,0,0.00960,0
0,1,4,0,1,0.52051,0
0,1,4,0,2,-0.02922,13
0,1,4,0,3,0.06136,0
0,1,4,0,4,0.52031,0
0,1,4,1,0,-3.23345,60
0,1,4,1,1,-3.06497,51
0,1,4,1,2,-3.03097,82
0,1,4,1,3,-3.23347,80
0,1,4,1,4,-3.00939,71
0,1,4,2,0,3.51228,121
0,1,4,2,1,-2.71317,58
0,1,4,2,2,-2.46325,297
0,1,4,2,3,-1.18855,183
0,1,4,2,4,-2.46348,251
0,1,4,3,0,-1.93129,95
0,1,4,3,1,-3.01146,87
0,1,4,3,2,-2.96056,370
0,1,4,3,3,-3.18374,314
0,1,4,3,4,-3.04931,305
0,1,4,4,0,0.04139,30
0,1,4,4,1,-2.01256,46
0,1,4,4,2,-2.28631,164
0,1,4,4,3,-2.86033,121
0,1,4,4,4,-1.17856,115
0,2,0,0,0,0.13435,0
0,2,0,0,1,0.33921,0
0,2,0,0,2,0.91875,0
0,2,0,0,3,0.22248,0
0,2,0,0,4,0.37484,0
0,2,0,1,0,8.25341,18
0,2,0,1,1,8.42807,72
0,2,0,1,2,8.42807,1184
0,2,0,1,3,8.42807,40
0,2,0,1,4,5.96336,11
0,2,0,2,0,9.68170,88
0,2,0,2,1,9.71352,66
0,2,0,2,2,8.36353,2838
0,2,0,2,3,9.71353,369
0,2,0,2,4,9.39079,46
0,2,0,3,0,2.76847,121
0,2,0,3,1,3.49162,112
0,2,0,3,2,3.49162,3619
0,2,0,3,3,3.49162,372
0,2,0,3,4,3.49162,134
0,2,0,4,0,5.39061,42
0,2,0,4,1,7.33703,49
0,2,0,4,2,5.85155,1062
0,2,0,4,3,5.85155,135
0,2,0,4,4,8.17378,99
0,2,1,0,0,0.00475,0
0,2,1,0,1,-0.12785,7
0,2,1,0,2,0.63445,0
0,2,1,0,3,0.54083,0
0,2,1,0,4,0.38573,0
0,2,1,1,0,1.78577,10
0,2,1,1,1,2.26463,17
0,2,1,1,2,-1.50665,948
0,2,1,1,3,1.78817,100
0,2,1,1,4,2.79414,7
0,2,1,2,0,-0.94189,32
0,2,1,2,1,-1.95322,21
0,2,1,2,2,-2.23290,2311
0,2,1,2,3,-2.00792,445
0,2,1,2,4,-1.89264,12
0,2,1,3,0,-1.93695,40
0,2,1,3,1,-2.44019,63
0,2,1,3,2,-2.69367,2621
0,2,1,3,3,-1.19627,335
0,2,1,3,4,-2.44560,51
0,2,1,4,0,-1.89302,23
0,2,1,4,1,-1.90301,13
0,2,1,4,2,-2.18771,1332
0,2,1,4,3,-0.71271,240
0,2,1,4,4,-1.80337,18
0,2,2,0,0,-2.44139,18
0,2,2,0,1,-2.15990,19
0,2,2,0,2,-2.17988,21
0,2,2,0,3,-2.41751,24
0,2,2,0,4,-2.55645,12
0,2,2,1,0,1.11144,206
0,2,2,1,1,-0.99353,428
0,2,2,1,2,-0.32257,27
0,2,2,1,3,2.13617,388
0,2,2,1,4,-2.89667,45
0,2,2,2,0,-3.24837,180
0,2,2,2,1,2.26539,1347
0,2,2,2,2,-2.44297,71
0,2,2,2,3,-1.24839,913
0,2,2,2,4,-2.00800,157
0,2,2,3,0,0.60912,231
0,2,2,3,1,-2.42913,1367
0,2,2,3,2,-2.66333,147
0,2,2,3,3,-1.32188,1535
0,2,2,3,4,-2.56834,221
0,2,2,4,0,-1.96281,206
0,2,2,4,1,-3.18447,813
0,2,2,4,2,-2.19416,33
0,2,2,4,3,-3.13353,728
0,2,2,4,4,-3.17598,148
0,2,3,0,0,-0.00132,5
0,2,3,0,1,0.52630,0
0,2,3,0,2,-1.49053,3
0,2,3,0,3,-0.24302,4
0,2,3,0,4,0.25768,0
0,2,3,1,0,-3.13739,111
0,2,3,1,1,-2.71406,92
0,2,3,1,2,-3.13729,72
0,2,3,1,3,-3.38488,60
0,2,3,1,4,-3.23248,60
0,2,3,2,0,-3.24761,353
0,2,3,2,1,-2.89062,228
0,2,3,2,2,-2.56353,228
0,2,3,2,3,-3.00793,185
0,2,3,2,4,-3.04481,179
0,2,3,3,0,-2.63109,395
0,2,3,3,1,-1.35059,173
0,2,3,3,2,-1.44325,216
0,2,3,3,3,-2.40584,187
0,2,3,3,4,-3.12673,149
0,2,3,4,0,-1.09207,434
0,2,3,4,1,-2.31017,161
0,2,3,4,2,2.05655,80
0,2,3,4,3,2.37859,67
0,2,3,4,4,-1.33101,68
0,2,4,0,0,0.24245,38
0,2,4,0,1,0.26495,7
0,2,4,0,2,0.61350,0
0,2,4,0,3,0.27577,0
0,2,4,0,4,0.82217,0
0,2,4,1,0,-3.12071,63
0,2,4,1,1,-3.08999,38
0,2,4,1,2,-3.11257,68
0,2,4,1,3,-3.09999,82
0,2,4,1,4,-3.25598,67
0,2,4,2,0,-2.73902,198
0,2,4,2,1,-2.25273,226
0,2,4,2,2,-2.60076,147
0,2,4,2,3,-2.84826,196
0,2,4,2,4,-2.05243,164
0,2,4,3,0,-0.12852,126
0,2,4,3,1,-1.08885,148
0,2,4,3,2,-1.22953,146
0,2,4,3,3,-0.49511,137
0,2,4,3,4,-2.40338,286
0,2,4,4,0,1.84999,68
0,2,4,4,1,-2.69306,133
0,2,4,4,2,-2.45364,74
0,2,4,4,3,-2.69308,103
0,2,4,4,4,1.19226,105
0,3,0,0,0,0.57888,0
0,3,0,0,1,0.18749,0
0,3,0,0,2,0.35146,0
0,3,0,0,3,0.61209,0
0,3,0,0,4,0.50548,0
0,3,0,1,0,4.42710,6
0,3,0,1,1,4.98274,6
0,3,0,1,2,0.89931,0
0,3,0,1,3,3.63438,390
0,3,0,1,4,3.34144,3
0,3,0,2,0,2.46621,2
0,3,0,2,1,1.81209,12
0,3,0,2,2,1.81209,10
0,3,0,2,3,1.74459,691
0,3,0,2,4,1.81209,7
0,3,0,3,0,0.77158,19
0,3,0,3,1,4.38063,30
0,3,0,3,2,4.38135,9
0,3,0,3,3,0.19692,363
0,3,0,3,4,4.38062,6
0,3,0,4,0,0.45969,0
0,3,0,4,1,0.06560,0
0,3,0,4,2,0.64086,0
0,3,0,4,3,0.06372,164
0,3,0,4,4,0.68275,0
0,3,1,0,0,-0.23890,51
0,3,1,0,1,0.01234,0
0,3,1,0,2,-0.23882,4
0,3,1,0,3,-0.23890,7
0,3,1,0,4,-0.23882,4
0,3,1,1,0,-2.90486,3
0,3,1,1,1,3.80673,277
0,3,1,1,2,1.52620,4
0,3,1,1,3,2.83379,324
0,3,1,1,4,0.00913,2
0,3,1,2,0,0.94281,0
0,3,1,2,1,-0.79906,234
0,3,1,2,2,1.20507,7
0,3,1,2,3,-2.74036,193
0,3,1,2,4,2.12418,8
0,3,1,3,0,2.20806,2
0,3,1,3,1,0.64276,395
0,3,1,3,2,2.22492,61
0,3,1,3,3,1.97327,313
0,3,1,3,4,1.36103,5
0,3,1,4,0,-0.47848,6
0,3,1,4,1,-2.83586,312
0,3,1,4,2,0.65721,0
0,3,1,4,3,-2.21022,315
0,3,1,4,4,2.70451,3
0,3,2,0,0,-0.09924,10
0,3,2,0,1,-1.08611,10
0,3,2,0,2,-1.10861,12
0,3,2,0,3,-0.86104,20
0,3,2,0,4,-1.22744,17
0,3,2,1,0,0.34227,340
0,3,2,1,1,0.93308,16
0,3,2,1,2,3.56826,43
0,3,2,1,3,0.34227,93
0,3,2,1,4,8.72428,271
0,3,2,2,0,-1.10603,420
0,3,2,2,1,0.18408,18
0,3,2,2,2,-2.27268,55
0,3,2,2,3,-0.08433,147
0,3,2,2,4,-2.55154,327
0,3,2,3,0,-0.40899,993
0,3,2,3,1,0.07334,38
0,3,2,3,2,-0.88235,65
0,3,2,3,3,-0.18399,142
0,3,2,3,4,-0.66333,448
0,3,2,4,0,-3.04814,495
0,3,2,4,1,3.72416,29
0,3,2,4,2,-1.99264,41
0,3,2,4,3,3.10175,104
0,3,2,4,4,2.16165,372
0,3,3,0,0,-0.76506,13
0,3,3,0,1,-0.01805,15
0,3,3,0,2,-0.98980,8
0,3,3,0,3,-1.30842,18
0,3,3,0,4,-1.17812,10
0,3,3,1,0,-3.17587,67
0,3,3,1,1,-0.13318,185
0,3,3,1,2,-2.98493,63
0,3,3,1,3,-2.49615,98
0,3,3,1,4,-2.62599,145
0,3,3,2,0,-3.21051,67
0,3,3,2,1,-3.10069,230
0,3,3,2,2,-1.21186,21
0,3,3,2,3,-2.44419,29
0,3,3,2,4,-2.45747,67
0,3,3,3,0,0.03904,85
0,3,3,3,1,-1.71305,476
0,3,3,3,2,-2.34512,17
0,3,3,3,3,-2.90003,44
0,3,3,3,4,-2.32793,61
0,3,3,4,0,-2.91581,48
0,3,3,4,1,3.10124,204
0,3,3,4,2,-2.69037,3
0,3,3,4,3,-2.38763,16
0,3,3,4,4,-2.46497,37
0,3,4,0,0,0.57462,1
0,3,4,0,1,0.29166,0
0,3,4,0,2,0.38247,18
0,3,4,0,3,0.31153,0
0,3,4,0,4,0.26254,22
0,3,4,1,0,-3.07867,72
0,3,4,1,1,-3.14310,19
0,3,4,1,2,-3.32628,61
0,3,4,1,3,-3.07868,65
0,3,4,1,4,-3.06783,61
0,3,4,2,0,-2.27753,109
0,3,4,2,1,-2.00281,53
0,3,4,2,2,-2.61616,99
0,3,4,2,3,-1.79530,85
0,3,4,2,4,-0.89316,81
0,3,4,3,0,-1.08773,97
0,3,4,3,1,-0.65581,28
0,3,4,3,2,2.38885,117
0,3,4,3,3,2.61385,115
0,3,4,3,4,-1.08769,47
0,3,4,4,0,-2.92086,86
0,3,4,4,1,1.60294,69
0,3,4,4,2,-2.85814,88
0,3,4,4,3,-2.86770,105
0,3,4,4,4,0.96765,72
0,4,0,0,0,0.97015,0
0,4,0,0,1,0.59837,0
0,4,0,0,2,0.97390,0
0,4,0,0,3,0.46751,0
0,4,0,0,4,0.87273,0
0,4,0,1,0,0.89568,0
0,4,0,1,1,0.92376,0
0,4,0,1,2,0.30861,92
0,4,0,1,3,0.39382,0
0,4,0,1,4,0.62326,0
0,4,0,2,0,0.65964,0
0,4,0,2,1,0.18253,0
0,4,0,2,2,0.96052,0
0,4,0,2,3,0.64844,0
0,4,0,2,4,0.89920,0
0,4,0,3,0,0.60325,0
0,4,0,3,1,0.18233,0
0,4,0,3,2,0.18196,0
0,4,0,3,3,0.14375,0
0,4,0,3,4,0.14314,0
0,4,0,4,0,0.28729,0
0,4,0,4,1,0.71084,0
0,4,0,4,2,0.92220,0
0,4,0,4,3,0.12623,0
0,4,0,4,4,0.20944,0
0,4,1,0,0,-0.49787,8
0,4,1,0,1,-0.59718,9
0,4,1,0,2,-0.49785,4
0,4,1,0,3,0.41949,8
0,4,1,0,4,-0.27551,4
0,4,1,1,0,0.92755,0
0,4,1,1,1,0.10774,0
0,4,1,1,2,0.44190,0
0,4,1,1,3,-0.37803,55
0,4,1,1,4,0.91983,0
0,4,1,2,0,1.53640,13
0,4,1,2,1,0.65793,0
0,4,1,2,2,0.26175,0
0,4,1,2,3,0.24214,14
0,4,1,2,4,0.73125,0
0,4,1,3,0,0.04458,0
0,4,1,3,1,0.00433,2
0,4,1,3,2,0.92370,0
0,4,1,3,3,-0.49360,86
0,4,1,3,4,0.66085,0
0,4,1,4,0,0.39519,19
0,4,1,4,1,0.87189,0
0,4,1,4,2,0.80098,0
0,4,1,4,3,0.29970,32
0,4,1,4,4,0.82799,0
0,4,2,0,0,0.48730,0
0,4,2,0,1,0.28498,0
0,4,2,0,2,0.55563,0
0,4,2,0,3,0.97991,0
0,4,2,0,4,0.51780,0
0,4,2,1,0,0.30934,0
0,4,2,1,1,1.51406,3
0,4,2,1,2,0.69363,0
0,4,2,1,3,1.11265,9
0,4,2,1,4,0.57183,0
0,4,2,2,0,0.31852,0
0,4,2,2,1,0.78354,0
0,4,2,2,2,0.22194,0
0,4,2,2,3,1.25698,12
0,4,2,2,4,0.40474,0
0,4,2,3,0,0.22693,0
0,4,2,3,1,0.84304,0
0,4,2,3,2,0.71693,0
0,4,2,3,3,0.26476,2
0,4,2,3,4,0.60912,0
0,4,2,4,0,0.43776,0
0,4,2,4,1,0.33532,0
0,4,2,4,2,0.70553,0
0,4,2,4,3,0.18732,16
0,4,2,4,4,0.82101,0
0,4,3,0,0,0.10222,0
0,4,3,0,1,-0.10775,3
0,4,3,0,2,0.91978,0
0,4,3,0,3,0.85446,0
0,4,3,0,4,0.40729,0
0,4,3,1,0,0.24832,0
0,4,3,1,1,0.40512,0
0,4,3,1,2,0.87767,55
0,4,3,1,3,0.22834,0
0,4,3,1,4,0.96244,0
0,4,3,2,0,0.55425,0
0,4,3,2,1,0.41225,0
0,4,3,2,2,-0.10397,71
0,4,3,2,3,0.99693,0
0,4,3,2,4,0.10316,0
0,4,3,3,0,0.17614,0
0,4,3,3,1,0.73183,0
0,4,3,3,2,0.40865,84
0,4,3,3,3,0.01504,0
0,4,3,3,4,0.37924,0
0,4,3,4,0,0.02729,0
0,4,3,4,1,0.28863,0
0,4,3,4,2,-0.24134,10
0,4,3,4,3,1.25977,14
0,4,3,4,4,-0.23773,53
0,4,4,0,0,0.33587,0
0,4,4,0,1,0.01500,0
0,4,4,0,2,0.96257,0
0,4,4,0,3,0.08062,0
0,4,4,0,4,0.48665,0
0,4,4,1,0,0.70938,0
0,4,4,1,1,0.69976,0
0,4,4,1,2,0.04447,0
0,4,4,1,3,0.08420,0
0,4,4,1,4,0.09870,0
0,4,4,2,0,0.17644,0
0,4,4,2,1,0.90911,0
0,4,4,2,2,0.73431,0
0,4,4,2,3,0.15797,0
0,4,4,2,4,0.89153,0
0,4,4,3,0,0.42472,100
0,4,4,3,1,0.99969,0
0,4,4,3,2,0.40489,0
0,4,4,3,3,0.93964,0
0,4,4,3,4,0.34904,0
0,4,4,4,0,0.24798,33
0,4,4,4,1,0.82831,0
0,4,4,4,2,0.46483,0
0,4,4,4,3,0.44973,0
0,4,4,4,4,0.55130,0
1,0,0,0,0,0.88663,0
1,0,0,0,1,0.62540,0
1,0,0,0,2,0.31553,0
1,0,0,0,3,0.61992,0
1,0,0,0,4,0.31356,0
1,0,0,1,0,0.06810,0
1,0,0,1,1,0.31038,0
1,0,0,1,2,-0.59836,3
1,0,0,1,3,0.55538,0
1,0,0,1,4,0.53598,0
1,0,0,2,0,2.61862,9
1,0,0,2,1,0.10820,0
1,0,0,2,2,4.35676,64
1,0,0,2,3,0.64152,0
1,0,0,2,4,5.35764,60
1,0,0,3,0,0.99599,0
1,0,0,3,1,-0.04516,2
1,0,0,3,2,2.89639,62
1,0,0,3,3,0.15814,0
1,0,0,3,4,0.62894,0
1,0,0,4,0,19.92995,63
1,0,0,4,1,0.08711,0
1,0,0,4,2,0.60073,0
1,0,0,4,3,0.88234,0
1,0,0,4,4,0.20518,0
1,0,1,0,0,0.23911,0
1,0,1,0,1,0.06165,0
1,0,1,0,2,0.55593,0
1,0,1,0,3,0.08880,0
1,0,1,0,4,0.13900,0
1,0,1,1,0,3.67669,28
1,0,1,1,1,-0.06027,1035
1,0,1,1,2,-2.28919,1905
1,0,1,1,3,-1.97188,293
1,0,1,1,4,-1.00368,38
1,0,1,2,0,1.62398,83
1,0,1,2,1,5.68060,2685
1,0,1,2,2,2.22837,5709
1,0,1,2,3,1.53057,1104
1,0,1,2,4,-0.30367,322
1,0,1,3,0,-2.11157,154
1,0,1,3,1,-1.91385,3031
1,0,1,3,2,7.97206,8546
1,0,1,3,3,5.12141,2116
1,0,1,3,4,-2.19890,192
1,0,1,4,0,-2.49896,43
1,0,1,4,1,-1.40419,1209
1,0,1,4,2,3.30583,2762
1,0,1,4,3,8.85251,263
1,0,1,4,4,-2.43596,165
1,0,2,0,0,-2.21347,6
1,0,2,0,1,-0.56645,1
1,0,2,0,2,-0.44764,5
1,0,2,0,3,-1.13094,10
1,0,2,0,4,-0.44608,5
1,0,2,1,0,-2.49908,48
1,0,2,1,1,-1.26311,420
1,0,2,1,2,-2.49898,338
1,0,2,1,3,-1.24473,341
1,0,2,1,4,-2.49957,755
1,0,2,2,0,-1.08982,107
1,0,2,2,1,-1.08842,1309
1,0,2,2,2,-0.93157,855
1,0,2,2,3,-0.96341,812
1,0,2,2,4,-2.35800,2564
1,0,2,3,0,-2.48819,158
1,0,2,3,1,-2.49944,1760
1,0,2,3,2,-2.49937,1284
1,0,2,3,3,-2.49944,1092
1,0,2,3,4,-2.49941,3323
1,0,2,4,0,-2.51213,52
1,0,2,4,1,-2.53625,840
1,0,2,4,2,-2.51277,501
1,0,2,4,3,-2.51150,452
1,0,2,4,4,-1.89159,1187
1,0,3,0,0,0.37764,8
1,0,3,0,1,-0.15372,1
1,0,3,0,2,0.07265,0
1,0,3,0,3,-2.17426,1
1,0,3,0,4,0.48031,0
1,0,3,1,0,-2.51286,50
1,0,3,1,1,-1.62493,68
1,0,3,1,2,-1.52812,266
1,0,3,1,3,-2.79302,202
1,0,3,1,4,-1.87281,575
1,0,3,2,0,-2.56986,478
1,0,3,2,1,-0.83083,256
1,0,3,2,2,0.31272,781
1,0,3,2,3,1.28143,933
1,0,3,2,4,0.03032,1727
1,0,3,3,0,-2.49606,577
1,0,3,3,1,-2.07927,340
1,0,3,3,2,-1.98620,1159
1,0,3,3,3,-1.20832,1022
1,0,3,3,4,-2.45742,2530
1,0,3,4,0,-0.67008,272
1,0,3,4,1,-1.97464,141
1,0,3,4,2,-1.66617,473
1,0,3,4,3,-0.14281,435
1,0,3,4,4,-1.74954,1051
1,0,4,0,0,0.29769,0
1,0,4,0,1,0.30095,0
1,0,4,0,2,-0.16382,2
1,0,4,0,3,0.49019,14
1,0,4,0,4,0.83876,0
1,0,4,1,0,-2.59345,50
1,0,4,1,1,-2.78108,57
1,0,4,1,2,-2.71584,216
1,0,4,1,3,-2.55807,251
1,0,4,1,4,-2.65034,54
1,0,4,2,0,-2.51766,174
1,0,4,2,1,-2.32493,137
1,0,4,2,2,-0.69352,957
1,0,4,2,3,-1.14879,872
1,0,4,2,4,-1.50312,161
1,0,4,3,0,-2.57781,240
1,0,4,3,1,-3.24446,180
1,0,4,3,2,-1.49233,1567
1,0,4,3,3,-1.23098,1244
1,0,4,3,4,-1.69232,262
1,0,4,4,0,-2.89902,63
1,0,4,4,1,-2.48006,98
1,0,4,4,2,-2.80406,518
1,0,4,4,3,0.15101,544
1,0,4,4,4,-0.19405,116
1,1,0,0,0,0.32766,0
1,1,0,0,1,0.38433,0
1,1,0,0,2,0.27218,0
1,1,0,0,3,0.56992,0
1,1,0,0,4,0.58859,0
1,1,0,1,0,0.91209,0
1,1,0,1,1,0.57101,11
1,1,0,1,2,0.21268,0
1,1,0,1,3,0.57090,18
1,1,0,1,4,-2.32514,657
1,1,0,2,0,6.91549,83
1,1,0,2,1,5.97519,174
1,1,0,2,2,9.99504,12
1,1,0,2,3,6.09893,177
1,1,0,2,4,5.96718,2464
1,1,0,3,0,9.98750,169
1,1,0,3,1,8.73875,132
1,1,0,3,2,9.98364,25
1,1,0,3,3,9.98875,425
1,1,0,3,4,9.98875,3409
1,1,0,4,0,3.16559,3
1,1,0,4,1,0.10721,0
1,1,0,4,2,3.84903,6
1,1,0,4,3,3.84903,163
1,1,0,4,4,9.98814,896
1,1,1,0,0,-2.55567,15
1,1,1,0,1,-2.55613,92
1,1,1,0,2,-2.56238,15
1,1,1,0,3,-1.30614,86
1,1,1,0,4,-2.55602,20
1,1,1,1,0,-2.19257,850
1,1,1,1,1,-2.11176,6822
1,1,1,1,2,-2.30603,933
1,1,1,1,3,-2.49943,12603
1,1,1,1,4,-2.55614,975
1,1,1,2,0,8.70818,4170
1,1,1,2,1,7.88361,32487
1,1,1,2,2,7.66994,5900
1,1,1,2,3,7.90294,55375
1,1,1,2,4,7.87606,3389
1,1,1,3,0,-1.88214,4012
1,1,1,3,1,8.70724,41618
1,1,1,3,2,9.96447,6769
1,1,1,3,3,10.86802,78506
1,1,1,3,4,-1.39231,3479
1,1,1,4,0,8.71623,888
1,1,1,4,1,8.72747,11165
1,1,1,4,2,9.98391,2206
1,1,1,4,3,9.98552,20377
1,1,1,4,4,-1.30316,1497
1,1,2,0,0,-2.49962,44
1,1,2,0,1,-2.54945,44
1,1,2,0,2,-2.49957,95
1,1,2,0,3,-1.26199,92
1,1,2,0,4,-2.72432,45
1,1,2,1,0,-2.49962,2709
1,1,2,1,1,-2.48712,1820
1,1,2,1,2,-2.49958,2146
1,1,2,1,3,-2.72462,3403
1,1,2,1,4,-2.49961,5093
1,1,2,2,0,-1.37393,12856
1,1,2,2,1,-2.49892,10382
1,1,2,2,2,-2.49894,9783
1,1,2,2,3,7.89379,12538
1,1,2,2,4,-2.49893,12913
1,1,2,3,0,-0.56421,16031
1,1,2,3,1,-0.56546,13349
1,1,2,3,2,-0.35051,14020
1,1,2,3,3,0.68454,18016
1,1,2,3,4,-1.06819,14384
1,1,2,4,0,-1.89097,5052
1,1,2,4,1,-1.89097,3240
1,1,2,4,2,-1.82330,4401
1,1,2,4,3,-1.18186,4909
1,1,2,4,4,-1.87971,5061
1,1,3,0,0,-3.11405,22
1,1,3,0,1,-0.19716,15
1,1,3,0,2,-0.64850,31
1,1,3,0,3,-1.24719,91
1,1,3,0,4,-0.83288,30
1,1,3,1,0,-2.84839,1165
1,1,3,1,1,-2.61195,1380
1,1,3,1,2,-2.63710,2817
1,1,3,1,3,-0.96427,1926
1,1,3,1,4,-2.62339,705
1,1,3,2,0,-0.68508,6605
1,1,3,2,1,-0.93104,8421
1,1,3,2,2,-0.75671,10616
1,1,3,2,3,-1.03107,7970
1,1,3,2,4,0.31771,2048
1,1,3,3,0,-0.32141,8563
1,1,3,3,1,-2.46883,13071
1,1,3,3,2,-2.45755,13380
1,1,3,3,3,-2.49308,9822
1,1,3,3,4,-2.46180,3125
1,1,3,4,0,-0.32119,2368
1,1,3,4,1,-2.46861,3199
1,1,3,4,2,-0.07910,4513
1,1,3,4,3,-0.64065,3059
1,1,3,4,4,-0.31923,1280
1,1,4,0,0,-1.18171,19
1,1,4,0,1,-0.93572,20
1,1,4,0,2,-2.68927,25
1,1,4,0,3,-1.00690,27
1,1,4,0,4,0.72772,12
1,1,4,1,0,-2.62297,962
1,1,4,1,1,-2.69416,613
1,1,4,1,2,-2.57423,1312
1,1,4,1,3,0.37566,1440
1,1,4,1,4,-3.06970,474
1,1,4,2,0,-2.57013,3075
1,1,4,2,1,-1.03979,2882
1,1,4,2,2,-0.90856,6407
1,1,4,2,3,0.30529,7967
1,1,4,2,4,-1.38872,1977
1,1,4,3,0,-2.72829,4459
1,1,4,3,1,-2.82075,3060
1,1,4,3,2,-2.77125,9316
1,1,4,3,3,0.32433,9510
1,1,4,3,4,-2.50040,2418
1,1,4,4,0,-2.56725,1249
1,1,4,4,1,2.51482,743
1,1,4,4,2,-2.74683,2441
1,1,4,4,3,-2.71147,1992
1,1,4,4,4,-2.56605,965
1,2,0,0,0,-0.32141,4
1,2,0,0,1,-0.53702,55
1,2,0,0,2,-0.42739,1
1,2,0,0,3,0.71073,74
1,2,0,0,4,0.04567,0
1,2,0,1,0,0.35743,476
1,2,0,1,1,0.07181,123
1,2,0,1,2,0.20255,18
1,2,0,1,3,1.32168,767
1,2,0,1,4,3.37833,10
1,2,0,2,0,7.33428,1344
1,2,0,2,1,7.60085,356
1,2,0,2,2,3.21245,141
1,2,0,2,3,9.50226,3769
1,2,0,2,4,7.60992,134
1,2,0,3,0,-1.18444,2798
1,2,0,3,1,-0.91630,491
1,2,0,3,2,1.13146,131
1,2,0,3,3,3.13586,4740
1,2,0,3,4,-0.30599,332
1,2,0,4,0,4.28313,782
1,2,0,4,1,4.81413,51
1,2,0,4,2,7.92587,39
1,2,0,4,3,4.85482,1091
1,2,0,4,4,7.33723,21
1,2,1,0,0,-2.55780,69
1,2,1,0,1,-1.82007,14
1,2,1,0,2,-2.56422,24
1,2,1,0,3,-2.55780,41
1,2,1,0,4,-2.55995,106
1,2,1,1,0,-0.56461,2530
1,2,1,1,1,-1.14316,995
1,2,1,1,2,-1.73625,2760
1,2,1,1,3,-0.56262,2993
1,2,1,1,4,1.45107,1632
1,2,1,2,0,-1.09121,10988
1,2,1,2,1,-2.00781,3998
1,2,1,2,2,-0.93679,10318
1,2,1,2,3,-1.09311,11952
1,2,1,2,4,-0.95377,5756
1,2,1,3,0,0.81064,13196
1,2,1,3,1,9.17716,3962
1,2,1,3,2,1.17710,11901
1,2,1,3,3,2.05939,14233
1,2,1,3,4,-1.22619,5071
1,2,1,4,0,-1.88661,3906
1,2,1,4,1,9.87928,1087
1,2,1,4,2,-1.82014,3270
1,2,1,4,3,0.87672,3608
1,2,1,4,4,-0.59828,1850
1,2,2,0,0,-2.56028,141
1,2,2,0,1,-2.56028,39
1,2,2,0,2,-2.56697,110
1,2,2,0,3,-2.39893,98
1,2,2,0,4,-2.56028,50
1,2,2,1,0,-2.39730,5476
1,2,2,1,1,-2.39730,557
1,2,2,1,2,-2.38589,1634
1,2,2,1,3,-2.58934,3068
1,2,2,1,4,-2.39730,356
1,2,2,2,0,-1.21953,19537
1,2,2,2,1,-1.21956,2411
1,2,2,2,2,-1.07728,7892
1,2,2,2,3,-1.18669,11828
1,2,2,2,4,-1.21929,1446
1,2,2,3,0,-1.96921,26162
1,2,2,3,1,-1.32786,2720
1,2,2,3,2,-2.44899,10250
1,2,2,3,3,1.21635,13580
1,2,2,3,4,-2.45409,1734
1,2,2,4,0,-2.45403,8070
1,2,2,4,1,-1.30309,1129
1,2,2,4,2,-1.74479,2498
1,2,2,4,3,-3.05197,4275
1,2,2,4,4,-1.82031,946
1,2,3,0,0,-2.24517,15
1,2,3,0,1,0.26782,35
1,2,3,0,2,-0.81350,52
1,2,3,0,3,-2.78097,74
1,2,3,0,4,-2.49267,102
1,2,3,1,0,-2.70188,334
1,2,3,1,1,-2.51072,2524
1,2,3,1,2,-2.62297,1889
1,2,3,1,3,-3.13739,1083
1,2,3,1,4,-2.68419,553
1,2,3,2,0,-0.62676,1453
1,2,3,2,1,-2.49181,11013
1,2,3,2,2,-1.04077,7746
1,2,3,2,3,-1.18669,4172
1,2,3,2,4,1.95379,2277
1,2,3,3,0,0.09947,2410
1,2,3,3,1,-2.46180,13640
1,2,3,3,2,-2.49235,10299
1,2,3,3,3,-2.49311,4824
1,2,3,3,4,-2.44424,2311
1,2,3,4,0,-1.24708,624
1,2,3,4,1,-2.38548,3636
1,2,3,4,2,-2.46537,2959
1,2,3,4,3,-2.46883,2140
1,2,3,4,4,-2.49528,1194
1,2,4,0,0,0.48995,27
1,2,4,0,1,-3.06728,54
1,2,4,0,2,-2.61347,39
1,2,4,0,3,-2.55310,46
1,2,4,0,4,2.29998,17
1,2,4,1,0,-2.89570,833
1,2,4,1,1,-2.95876,1083
1,2,4,1,2,-2.59742,595
1,2,4,1,3,-2.84470,891
1,2,4,1,4,-2.86499,449
1,2,4,2,0,-2.51190,2832
1,2,4,2,1,-2.73374,9609
1,2,4,2,2,0.26888,1749
1,2,4,2,3,-2.47101,3106
1,2,4,2,4,-1.98017,1524
1,2,4,3,0,-2.48065,3930
1,2,4,3,1,-2.54480,10561
1,2,4,3,2,-2.54148,1771
1,2,4,3,3,-2.61487,2948
1,2,4,3,4,-2.53929,1251
1,2,4,4,0,-2.53533,1155
1,2,4,4,1,-2.50001,1972
1,2,4,4,2,-2.80582,667
1,2,4,4,3,-2.53816,1184
1,2,4,4,4,-1.27549,350
1,3,0,0,0,-0.25660,2
1,3,0,0,1,-0.47934,14
1,3,0,0,2,-0.48083,4
1,3,0,0,3,-0.34796,6
1,3,0,0,4,-0.46712,2
1,3,0,1,0,-1.74840,170
1,3,0,1,1,0.42657,357
1,3,0,1,2,1.38369,5
1,3,0,1,3,-0.34796,19
1,3,0,1,4,1.11488,92
1,3,0,2,0,4.00452,276
1,3,0,2,1,6.35026,441
1,3,0,2,2,2.25485,10
1,3,0,2,3,9.47544,24
1,3,0,2,4,2.24672,53
1,3,0,3,0,19.96826,786
1,3,0,3,1,-0.46184,418
1,3,0,3,2,0.24861,0
1,3,0,3,3,7.89599,47
1,3,0,3,4,2.25167,15
1,3,0,4,0,9.99614,306
1,3,0,4,1,3.74129,633
1,3,0,4,2,0.53782,0
1,3,0,4,3,1.09517,88
1,3,0,4,4,2.24672,16
1,3,1,0,0,-1.88137,50
1,3,1,0,1,-1.61283,11
1,3,1,0,2,-2.55752,55
1,3,1,0,3,-1.61283,114
1,3,1,0,4,-1.83330,42
1,3,1,1,0,-2.55109,1671
1,3,1,1,1,-1.09390,411
1,3,1,1,2,-1.81266,1394
1,3,1,1,3,-0.63140,603
1,3,1,1,4,-1.44793,212
1,3,1,2,0,-1.23368,2556
1,3,1,2,1,-1.09312,368
1,3,1,2,2,-1.09298,1920
1,3,1,2,3,0.01631,318
1,3,1,2,4,-0.07794,250
1,3,1,3,0,0.90427,2612
1,3,1,3,1,0.66405,784
1,3,1,3,2,-0.10627,2215
1,3,1,3,3,0.90436,1075
1,3,1,3,4,0.56187,741
1,3,1,4,0,0.90433,1587
1,3,1,4,1,-0.58594,94
1,3,1,4,2,-0.37328,1038
1,3,1,4,3,-0.58595,385
1,3,1,4,4,1.47004,135
1,3,2,0,0,-2.55425,44
1,3,2,0,1,-2.55425,20
1,3,2,0,2,-2.56028,33
1,3,2,0,3,0.17868,83
1,3,2,0,4,-2.55425,32
1,3,2,1,0,-2.37608,410
1,3,2,1,1,-2.28485,198
1,3,2,1,2,-2.25823,705
1,3,2,1,3,0.30255,1992
1,3,2,1,4,-2.55422,121
1,3,2,2,0,-1.10837,601
1,3,2,2,1,-0.95377,363
1,3,2,2,2,-0.95376,741
1,3,2,2,3,-0.18671,2917
1,3,2,2,4,-2.28123,216
1,3,2,3,0,-2.45870,985
1,3,2,3,1,-2.57115,337
1,3,2,3,2,-2.45411,1224
1,3,2,3,3,-1.31540,5207
1,3,2,3,4,-2.45409,383
1,3,2,4,0,0.44887,984
1,3,2,4,1,-2.45840,195
1,3,2,4,2,0.80910,642
1,3,2,4,3,-2.45576,2604
1,3,2,4,4,0.25319,139
1,3,3,0,0,-2.45857,4
1,3,3,0,1,-1.10585,12
1,3,3,0,2,-1.75758,36
1,3,3,0,3,-1.32108,18
1,3,3,0,4,-2.85469,5
1,3,3,1,0,-2.59798,108
1,3,3,1,1,-1.18810,1314
1,3,3,1,2,-2.60887,250
1,3,3,1,3,-3.17037,879
1,3,3,1,4,-2.88109,107
1,3,3,2,0,-2.88108,83
1,3,3,2,1,-1.18680,2087
1,3,3,2,2,-0.22980,487
1,3,3,2,3,-0.45682,1347
1,3,3,2,4,-2.64614,186
1,3,3,3,0,-2.48700,111
1,3,3,3,1,-2.49194,2770
1,3,3,3,2,-1.18377,673
1,3,3,3,3,-2.37276,1344
1,3,3,3,4,-2.75576,363
1,3,3,4,0,-1.80970,100
1,3,3,4,1,-1.97419,1119
1,3,3,4,2,-2.37274,303
1,3,3,4,3,-2.14486,746
1,3,3,4,4,0.00347,277
1,3,4,0,0,-0.20835,19
1,3,4,0,1,0.26408,12
1,3,4,0,2,-1.59983,127
1,3,4,0,3,0.62997,82
1,3,4,0,4,-0.89880,81
1,3,4,1,0,-2.82849,231
1,3,4,1,1,-2.73376,316
1,3,4,1,2,-0.45703,1382
1,3,4,1,3,-2.97608,600
1,3,4,1,4,-3.04286,247
1,3,4,2,0,-2.61446,234
1,3,4,2,1,-2.49923,493
1,3,4,2,2,-2.47007,1890
1,3,4,2,3,-1.49681,1090
1,3,4,2,4,-2.79533,598
1,3,4,3,0,-0.32300,228
1,3,4,3,1,-2.68223,487
1,3,4,3,2,-2.50968,2965
1,3,4,3,3,2.04138,1058
1,3,4,3,4,-2.47596,617
1,3,4,4,0,-0.96696,91
1,3,4,4,1,-2.68173,386
1,3,4,4,2,-2.49956,1925
1,3,4,4,3,-1.01559,814
1,3,4,4,4,-0.32307,360
1,4,0,0,0,-0.48504,5
1,4,0,0,1,0.13634,0
1,4,0,0,2,0.25028,4
1,4,0,0,3,0.26731,0
1,4,0,0,4,0.40608,4
1,4,0,1,0,0.55582,75
1,4,0,1,1,0.31477,0
1,4,0,1,2,0.44862,0
1,4,0,1,3,0.21269,0
1,4,0,1,4,-0.34720,136
1,4,0,2,0,0.42494,21
1,4,0,2,1,0.23012,0
1,4,0,2,2,0.46828,0
1,4,0,2,3,0.72369,0
1,4,0,2,4,2.19491,106
1,4,0,3,0,0.43477,45
1,4,0,3,1,3.08995,2
1,4,0,3,2,0.22140,0
1,4,0,3,3,0.62409,0
1,4,0,3,4,0.34135,0
1,4,0,4,0,8.13948,178
1,4,0,4,1,7.06893,3
1,4,0,4,2,0.78852,0
1,4,0,4,3,0.10820,0
1,4,0,4,4,0.02276,0
1,4,1,0,0,-0.86597,3
1,4,1,0,1,-1.17421,8
1,4,1,0,2,-0.99757,7
1,4,1,0,3,-0.86711,14
1,4,1,0,4,-0.86613,6
1,4,1,1,0,0.34366,169
1,4,1,1,1,-0.85483,21
1,4,1,1,2,0.65962,0
1,4,1,1,3,0.35051,87
1,4,1,1,4,0.37061,0
1,4,1,2,0,0.63877,142
1,4,1,2,1,0.64887,0
1,4,1,2,2,0.24563,0
1,4,1,2,3,0.72977,0
1,4,1,2,4,0.41203,0
1,4,1,3,0,1.09996,293
1,4,1,3,1,-1.88232,8
1,4,1,3,2,0.98752,0
1,4,1,3,3,0.41377,41
1,4,1,3,4,0.32488,4
1,4,1,4,0,1.77785,82
1,4,1,4,1,1.09950,91
1,4,1,4,2,0.11107,0
1,4,1,4,3,0.49516,38
1,4,1,4,4,-0.15002,19
1,4,2,0,0,0.15528,4
1,4,2,0,1,0.47870,0
1,4,2,0,2,-0.90429,15
1,4,2,0,3,1.11335,13
1,4,2,0,4,0.62050,0
1,4,2,1,0,0.31717,0
1,4,2,1,1,-1.87887,12
1,4,2,1,2,-0.31696,108
1,4,2,1,3,-2.10770,90
1,4,2,1,4,-1.65224,10
1,4,2,2,0,0.95834,0
1,4,2,2,1,0.79690,0
1,4,2,2,2,0.89209,38
1,4,2,2,3,0.55288,34
1,4,2,2,4,0.99782,0
1,4,2,3,0,0.12189,0
1,4,2,3,1,1.82780,3
1,4,2,3,2,-1.36575,71
1,4,2,3,3,0.15961,95
1,4,2,3,4,0.33108,0
1,4,2,4,0,-0.34630,5
1,4,2,4,1,-0.10131,9
1,4,2,4,2,-2.04204,72
1,4,2,4,3,-2.41962,43
1,4,2,4,4,0.83296,0
1,4,3,0,0,0.55227,0
1,4,3,0,1,0.64332,0
1,4,3,0,2,0.54581,0
1,4,3,0,3,1.54887,1
1,4,3,0,4,0.86486,0
1,4,3,1,0,-1.46105,7
1,4,3,1,1,-1.41138,10
1,4,3,1,2,-1.53625,12
1,4,3,1,3,-2.59798,84
1,4,3,1,4,-1.42350,15
1,4,3,2,0,3.62351,5
1,4,3,2,1,1.46274,2
1,4,3,2,2,0.52380,0
1,4,3,2,3,0.12103,94
1,4,3,2,4,0.79671,0
1,4,3,3,0,0.85377,0
1,4,3,3,1,0.34181,21
1,4,3,3,2,0.65706,0
1,4,3,3,3,-2.37276,173
1,4,3,3,4,0.43034,0
1,4,3,4,0,0.22410,0
1,4,3,4,1,-2.02784,6
1,4,3,4,2,0.58921,0
1,4,3,4,3,0.00977,73
1,4,3,4,4,1.05640,5
1,4,4,0,0,-1.02628,6
1,4,4,0,1,0.37761,0
1,4,4,0,2,0.36904,0
1,4,4,0,3,0.58013,0
1,4,4,0,4,0.06665,0
1,4,4,1,0,0.63922,17
1,4,4,1,1,-2.61595,8
1,4,4,1,2,-0.99938,8
1,4,4,1,3,-0.70778,5
1,4,4,1,4,-2.79534,41
1,4,4,2,0,1.34276,58
1,4,4,2,1,1.55808,3
1,4,4,2,2,0.62143,0
1,4,4,2,3,0.04676,0
1,4,4,2,4,-1.09456,12
1,4,4,3,0,3.05711,223
1,4,4,3,1,6.50879,7
1,4,4,3,2,0.38223,2
1,4,4,3,3,1.34401,47
1,4,4,3,4,-1.40427,24
1,4,4,4,0,-0.45591,123
1,4,4,4,1,1.84675,6
1,4,4,4,2,0.94083,0
1,4,4,4,3,0.59675,14
1,4,4,4,4,-1.56856,33
2,0,0,0,0,0.78781,0
2,0,0,0,1,0.64071,0
2,0,0,0,2,0.04112,0
2,0,0,0,3,0.91380,0
2,0,0,0,4,0.50369,0
2,0,0,1,0,0.16910,0
2,0,0,1,1,0.18528,0
2,0,0,1,2,0.44612,0
2,0,0,1,3,0.61537,0
2,0,0,1,4,0.96187,0
2,0,0,2,0,0.18437,0
2,0,0,2,1,0.63466,0
2,0,0,2,2,0.81969,0
2,0,0,2,3,-0.94914,326
2,0,0,2,4,0.33261,0
2,0,0,3,0,19.93776,61
2,0,0,3,1,2.34760,58
2,0,0,3,2,0.41908,0
2,0,0,3,3,-0.64252,310
2,0,0,3,4,0.82335,0
2,0,0,4,0,0.72131,0
2,0,0,4,1,2.61166,49
2,0,0,4,2,0.36593,0
2,0,0,4,3,2.64918,56
2,0,0,4,4,0.31724,0
2,0,1,0,0,0.62044,0
2,0,1,0,1,2.15219,119
2,0,1,0,2,0.36319,0
2,0,1,0,3,0.07687,68
2,0,1,0,4,-1.48677,2
2,0,1,1,0,17.50668,214
2,0,1,1,1,-0.48644,7665
2,0,1,1,2,19.86907,356
2,0,1,1,3,17.63229,3319
2,0,1,1,4,9.95762,514
2,0,1,2,0,-0.59867,856
2,0,1,2,1,0.78245,16616
2,0,1,2,2,-0.24033,894
2,0,1,2,3,-0.46630,13803
2,0,1,2,4,1.87243,1487
2,0,1,3,0,-1.20610,1319
2,0,1,3,1,-1.20610,25728
2,0,1,3,2,-1.06232,1505
2,0,1,3,3,0.04391,17397
2,0,1,3,4,-2.35622,2658
2,0,1,4,0,17.33958,448
2,0,1,4,1,2.61166,14065
2,0,1,4,2,0.67963,283
2,0,1,4,3,0.36166,7484
2,0,1,4,4,0.64589,1247
2,0,2,0,0,1.28130,1
2,0,2,0,1,0.54977,0
2,0,2,0,2,0.39571,0
2,0,2,0,3,0.54729,0
2,0,2,0,4,0.45239,0
2,0,2,1,0,-1.26300,2703
2,0,2,1,1,-1.27551,521
2,0,2,1,2,-2.51445,344
2,0,2,1,3,-1.38801,179
2,0,2,1,4,-2.12684,62
2,0,2,2,0,-1.73135,7782
2,0,2,2,1,-1.73130,1118
2,0,2,2,2,-1.64589,1151
2,0,2,2,3,-1.73117,523
2,0,2,2,4,-0.33217,101
2,0,2,3,0,-2.38396,10355
2,0,2,3,1,5.35830,1649
2,0,2,3,2,6.23146,1601
2,0,2,3,3,5.48331,773
2,0,2,3,4,3.91655,186
2,0,2,4,0,-2.49172,4315
2,0,2,4,1,-2.48975,1052
2,0,2,4,2,-2.48861,581
2,0,2,4,3,-1.23975,340
2,0,2,4,4,-2.45189,76
2,0,3,0,0,-0.76216,8
2,0,3,0,1,0.47637,8
2,0,3,0,2,-0.56913,3
2,0,3,0,3,0.45265,2
2,0,3,0,4,-0.65387,33
2,0,3,1,0,-2.57559,222
2,0,3,1,1,-1.33367,315
2,0,3,1,2,-2.58365,195
2,0,3,1,3,-1.33781,539
2,0,3,1,4,-2.65091,89
2,0,3,2,0,4.11593,814
2,0,3,2,1,-1.27508,1078
2,0,3,2,2,-2.40148,845
2,0,3,2,3,-1.12687,1622
2,0,3,2,4,-1.39581,388
2,0,3,3,0,-0.92529,1277
2,0,3,3,1,0.21096,1366
2,0,3,3,2,0.65249,1287
2,0,3,3,3,1.86785,2046
2,0,3,3,4,-2.27133,356
2,0,3,4,0,-0.89930,534
2,0,3,4,1,-1.05411,510
2,0,3,4,2,-0.89641,337
2,0,3,4,3,0.63103,808
2,0,3,4,4,2.67913,258
2,0,4,0,0,-0.37373,7
2,0,4,0,1,0.95611,0
2,0,4,0,2,0.82659,0
2,0,4,0,3,0.61217,6
2,0,4,0,4,0.49361,3
2,0,4,1,0,-2.62373,123
2,0,4,1,1,-1.87266,112
2,0,4,1,2,-0.76168,445
2,0,4,1,3,-1.21101,662
2,0,4,1,4,-2.62373,65
2,0,4,2,0,-2.05858,312
2,0,4,2,1,-2.36585,434
2,0,4,2,2,-2.11237,2615
2,0,4,2,3,1.11886,2279
2,0,4,2,4,1.85030,305
2,0,4,3,0,-1.98641,398
2,0,4,3,1,-2.38564,555
2,0,4,3,2,6.38915,3810
2,0,4,3,3,-1.23452,2808
2,0,4,3,4,-0.89701,436
2,0,4,4,0,-2.49815,158
2,0,4,4,1,-1.33664,268
2,0,4,4,2,4.53756,2336
2,0,4,4,3,-0.59629,1195
2,0,4,4,4,1.83481,128
2,1,0,0,0,-0.01863,1
2,1,0,0,1,-0.04581,4
2,1,0,0,2,-0.04540,3
2,1,0,0,3,-0.94914,7
2,1,0,0,4,-0.04531,3
2,1,0,1,0,-2.32230,572
2,1,0,1,1,16.76915,604
2,1,0,1,2,1.74956,3
2,1,0,1,3,-1.09007,311
2,1,0,1,4,5.21189,3
2,1,0,2,0,-0.98519,1714
2,1,0,2,1,3.84198,3271
2,1,0,2,2,8.75049,32
2,1,0,2,3,-1.12417,498
2,1,0,2,4,4.77880,14
2,1,0,3,0,-1.82737,1373
2,1,0,3,1,0.42127,3656
2,1,0,3,2,2.08804,9
2,1,0,3,3,0.67118,843
2,1,0,3,4,4.05236,12
2,1,0,4,0,9.96608,816
2,1,0,4,1,-0.89949,1308
2,1,0,4,2,4.27404,109
2,1,0,4,3,-1.74221,222
2,1,0,4,4,0.54096,4
2,1,1,0,0,-2.53320,54
2,1,1,0,1,-2.53050,17
2,1,1,0,2,-2.53356,25
2,1,1,0,3,-2.17883,784
2,1,1,0,4,-2.53320,48
2,1,1,1,0,-0.39218,3873
2,1,1,1,1,-2.32355,1460
2,1,1,1,2,-2.30395,1284
2,1,1,1,3,-1.07355,38022
2,1,1,1,4,1.48077,1787
2,1,1,2,0,-1.04020,19282
2,1,1,2,1,-1.03924,5945
2,1,1,2,2,-1.38698,6437
2,1,1,2,3,-0.24828,157326
2,1,1,2,4,-0.94704,5025
2,1,1,3,0,-1.15003,23569
2,1,1,3,1,-1.73398,7929
2,1,1,3,2,0.35358,7977
2,1,1,3,3,7.85304,200987
2,1,1,3,4,-0.39049,4803
2,1,1,4,0,0.97144,7266
2,1,1,4,1,-1.74096,2587
2,1,1,4,2,-1.65801,2435
2,1,1,4,3,-0.49221,64952
2,1,1,4,4,-1.17825,1831
2,1,2,0,0,-2.49961,46
2,1,2,0,1,-2.59994,47
2,1,2,0,2,-2.49959,121
2,1,2,0,3,-1.27713,151
2,1,2,0,4,-2.49961,90
2,1,2,1,0,-1.29158,2207
2,1,2,1,1,-0.16672,5383
2,1,2,1,2,-1.15870,6535
2,1,2,1,3,-2.49950,7307
2,1,2,1,4,-2.21238,2813
2,1,2,2,0,-2.27631,10224
2,1,2,2,1,-1.15118,29389
2,1,2,2,2,-2.39020,32394
2,1,2,2,3,-0.33982,34383
2,1,2,2,4,-2.11524,7072
2,1,2,3,0,-2.42453,12411
2,1,2,3,1,-2.42442,33734
2,1,2,3,2,-2.41616,38902
2,1,2,3,3,1.31822,45099
2,1,2,3,4,-2.15878,8102
2,1,2,4,0,-2.47945,3895
2,1,2,4,1,-2.49070,8924
2,1,2,4,2,-2.49105,10421
2,1,2,4,3,1.32631,11893
2,1,2,4,4,-2.49029,3158
2,1,3,0,0,-2.62338,83
2,1,3,0,1,-2.59849,74
2,1,3,0,2,-2.61108,32
2,1,3,0,3,-2.59973,97
2,1,3,0,4,-2.65087,11
2,1,3,1,0,-2.58367,2226
2,1,3,1,1,-2.22965,4040
2,1,3,1,2,-2.59297,1994
2,1,3,1,3,-2.58367,2557
2,1,3,1,4,-2.65092,1628
2,1,3,2,0,-0.95945,10552
2,1,3,2,1,-0.94402,25743
2,1,3,2,2,-2.19957,8475
2,1,3,2,3,-2.22961,14495
2,1,3,2,4,-2.28906,7036
2,1,3,3,0,-0.84922,13808
2,1,3,3,1,0.21095,34415
2,1,3,3,2,-0.75074,10973
2,1,3,3,3,-0.92554,18249
2,1,3,3,4,-1.04325,8719
2,1,3,4,0,0.32695,3851
2,1,3,4,1,-0.92566,7959
2,1,3,4,2,-0.72159,4003
2,1,3,4,3,0.35057,5311
2,1,3,4,4,-1.47368,2960
2,1,4,0,0,-1.96435,16
2,1,4,0,1,0.12065,16
2,1,4,0,2,-0.28828,62
2,1,4,0,3,-0.28682,75
2,1,4,0,4,-2.56763,43
2,1,4,1,0,-2.84121,635
2,1,4,1,1,-2.43480,945
2,1,4,1,2,-1.48699,1671
2,1,4,1,3,-1.25968,2966
2,1,4,1,4,-2.80975,597
2,1,4,2,0,-1.11696,2784
2,1,4,2,1,-0.68587,4207
2,1,4,2,2,-2.06965,11131
2,1,4,2,3,-1.06875,27429
2,1,4,2,4,5.66419,1616
2,1,4,3,0,-2.38993,3873
2,1,4,3,1,-2.47545,5151
2,1,4,3,2,8.23752,14410
2,1,4,3,3,0.33242,32995
2,1,4,3,4,-2.14377,1953
2,1,4,4,0,-2.47195,1071
2,1,4,4,1,-2.82164,1307
2,1,4,4,2,5.32072,3093
2,1,4,4,3,0.89438,7537
2,1,4,4,4,1.99400,553
2,2,0,0,0,-0.36382,3
2,2,0,0,1,-0.56864,12
2,2,0,0,2,-0.57115,7
2,2,0,0,3,-0.29830,93
2,2,0,0,4,-0.57115,6
2,2,0,1,0,-0.47422,5
2,2,0,1,1,0.42289,15
2,2,0,1,2,0.23826,0
2,2,0,1,3,0.57320,1999
2,2,0,1,4,0.05123,1455
2,2,0,2,0,2.97464,13
2,2,0,2,1,4.03843,18
2,2,0,2,2,4.03746,15
2,2,0,2,3,7.60085,5280
2,2,0,2,4,4.67717,3433
2,2,0,3,0,6.24701,16
2,2,0,3,1,5.37231,60
2,2,0,3,2,6.61974,14
2,2,0,3,3,6.62231,6791
2,2,0,3,4,7.62231,2820
2,2,0,4,0,3.35281,4
2,2,0,4,1,5.01753,138
2,2,0,4,2,2.76734,4
2,2,0,4,3,4.01753,3663
2,2,0,4,4,-0.87228,671
2,2,1,0,0,-2.55775,32
2,2,1,0,1,-2.55558,80
2,2,1,0,2,0.61443,91
2,2,1,0,3,-2.55779,42
2,2,1,0,4,-2.55779,118
2,2,1,1,0,7.61341,188
2,2,1,1,1,1.06266,2165
2,2,1,1,2,-0.06216,3074
2,2,1,1,3,1.41520,2388
2,2,1,1,4,-0.77982,2448
2,2,1,2,0,-2.41082,917
2,2,1,2,1,-1.01161,9240
2,2,1,2,2,4.02333,13001
2,2,1,2,3,0.52775,9347
2,2,1,2,4,-0.01219,6292
2,2,1,3,0,6.69028,1249
2,2,1,3,1,-1.16138,10654
2,2,1,3,2,0.44490,16057
2,2,1,3,3,0.56976,10056
2,2,1,3,4,2.33366,5647
2,2,1,4,0,-0.73732,391
2,2,1,4,1,-0.77972,2220
2,2,1,4,2,-0.34393,5427
2,2,1,4,3,-1.59460,3239
2,2,1,4,4,0.38187,2550
2,2,2,0,0,-2.48263,61
2,2,2,0,1,-2.48687,94
2,2,2,0,2,-2.48546,133
2,2,2,0,3,-0.06500,69
2,2,2,0,4,-2.48645,41
2,2,2,1,0,-1.57796,2013
2,2,2,1,1,-0.06499,2462
2,2,2,1,2,0.20825,3659
2,2,2,1,3,-2.39723,1931
2,2,2,1,4,-0.08674,2350
2,2,2,2,0,-1.09645,6066
2,2,2,2,1,-2.49709,10860
2,2,2,2,2,-2.49677,20645
2,2,2,2,3,-1.23233,9339
2,2,2,2,4,-2.49649,6495
2,2,2,3,0,3.91678,7755
2,2,2,3,1,1.44004,12792
2,2,2,3,2,1.87783,23408
2,2,2,3,3,6.66434,10647
2,2,2,3,4,1.14529,7225
2,2,2,4,0,0.42959,1922
2,2,2,4,1,0.84412,3481
2,2,2,4,2,-0.17186,6547
2,2,2,4,3,-0.27655,3461
2,2,2,4,4,-0.41856,2239
2,2,3,0,0,-2.62354,42
2,2,3,0,1,-2.22033,38
2,2,3,0,2,-2.62354,57
2,2,3,0,3,-2.61118,106
2,2,3,0,4,-2.61116,36
2,2,3,1,0,-2.57234,1252
2,2,3,1,1,-2.57234,2344
2,2,3,1,2,-2.58037,1426
2,2,3,1,3,-2.60841,2122
2,2,3,1,4,-2.61118,1532
2,2,3,2,0,-2.49950,6033
2,2,3,2,1,-2.22960,14956
2,2,3,2,2,-2.17716,6092
2,2,3,2,3,-0.22755,9578
2,2,3,2,4,-2.00809,5036
2,2,3,3,0,0.66141,8341
2,2,3,3,1,-1.08280,17971
2,2,3,3,2,-0.92533,6256
2,2,3,3,3,-1.08280,11040
2,2,3,3,4,-1.05822,5392
2,2,3,4,0,-1.08275,1911
2,2,3,4,1,-0.89940,4203
2,2,3,4,2,-0.37616,1724
2,2,3,4,3,0.09499,3975
2,2,3,4,4,1.37851,1902
2,2,4,0,0,-2.82549,63
2,2,4,0,1,-2.51248,49
2,2,4,0,2,0.47702,21
2,2,4,0,3,-2.60212,267
2,2,4,0,4,-0.56106,84
2,2,4,1,0,-2.82823,975
2,2,4,1,1,-2.75082,1663
2,2,4,1,2,-2.80970,1097
2,2,4,1,3,-2.77873,1453
2,2,4,1,4,-2.82849,884
2,2,4,2,0,3.62475,3798
2,2,4,2,1,-0.73404,11524
2,2,4,2,2,-1.37419,4939
2,2,4,2,3,-1.45364,5825
2,2,4,2,4,-2.11581,2282
2,2,4,3,0,1.25832,5313
2,2,4,3,1,-1.41023,13717
2,2,4,3,2,-0.53698,5501
2,2,4,3,3,-0.73328,6644
2,2,4,3,4,-0.73370,3059
2,2,4,4,0,3.19342,1806
2,2,4,4,1,-0.83519,3943
2,2,4,4,2,-1.66929,1505
2,2,4,4,3,-1.75236,2152
2,2,4,4,4,0.94371,916
2,3,0,0,0,-0.31952,15
2,3,0,0,1,-0.12354,2
2,3,0,0,2,-0.12991,3
2,3,0,0,3,1.05258,3
2,3,0,0,4,-0.05825,1
2,3,0,1,0,0.47536,835
2,3,0,1,1,2.08564,1
2,3,0,1,2,0.44995,0
2,3,0,1,3,1.42782,1225
2,3,0,1,4,-0.13008,19
2,3,0,2,0,0.78173,1173
2,3,0,2,1,5.55362,24
2,3,0,2,2,3.06211,13
2,3,0,2,3,1.70356,1232
2,3,0,2,4,17.68315,21
2,3,0,3,0,19.92763,1933
2,3,0,3,1,9.25522,15
2,3,0,3,2,5.98120,97
2,3,0,3,3,18.93487,2379
2,3,0,3,4,17.68487,56
2,3,0,4,0,2.93917,1028
2,3,0,4,1,3.43907,28
2,3,0,4,2,2.42817,9
2,3,0,4,3,3.64525,1341
2,3,0,4,4,5.01753,125
2,3,1,0,0,-1.23308,22
2,3,1,0,1,-1.24979,20
2,3,1,0,2,-1.39788,32
2,3,1,0,3,-1.27686,19
2,3,1,0,4,-1.27591,14
2,3,1,1,0,-1.88140,607
2,3,1,1,1,8.27064,1015
2,3,1,1,2,9.46815,874
2,3,1,1,3,8.27134,558
2,3,1,1,4,0.86197,1088
2,3,1,2,0,8.27032,808
2,3,1,2,1,-0.87920,1452
2,3,1,2,2,-1.79926,1552
2,3,1,2,3,0.52969,260
2,3,1,2,4,0.01738,1501
2,3,1,3,0,-1.86922,803
2,3,1,3,1,0.47986,1835
2,3,1,3,2,-0.57969,2175
2,3,1,3,3,2.09444,673
2,3,1,3,4,-0.34569,1470
2,3,1,4,0,-0.57602,732
2,3,1,4,1,0.64807,831
2,3,1,4,2,-0.69146,837
2,3,1,4,3,-0.32754,457
2,3,1,4,4,-0.20662,660
2,3,2,0,0,-2.49814,8
2,3,2,0,1,-2.47469,31
2,3,2,0,2,-2.49814,68
2,3,2,0,3,-2.55410,31
2,3,2,0,4,-2.49833,11
2,3,2,1,0,-2.47418,2248
2,3,2,1,1,-2.58800,775
2,3,2,1,2,-2.49796,502
2,3,2,1,3,-1.17727,1088
2,3,2,1,4,-2.49833,513
2,3,2,2,0,3.97052,3177
2,3,2,2,1,-2.45492,1001
2,3,2,2,2,2.18895,1031
2,3,2,2,3,0.48337,1528
2,3,2,2,4,-2.49775,539
2,3,2,3,0,-1.05827,2811
2,3,2,3,1,1.34730,1004
2,3,2,3,2,0.84738,814
2,3,2,3,3,0.51265,2400
2,3,2,3,4,1.34730,786
2,3,2,4,0,5.16427,2217
2,3,2,4,1,0.51247,771
2,3,2,4,2,-1.06317,347
2,3,2,4,3,-0.22150,1372
2,3,2,4,4,0.51247,422
2,3,3,0,0,-2.48138,33
2,3,3,0,1,-0.36539,53
2,3,3,0,2,-2.45014,46
2,3,3,0,3,-2.62357,52
2,3,3,0,4,-2.45513,39
2,3,3,1,0,-2.59469,678
2,3,3,1,1,-2.57234,1148
2,3,3,1,2,-2.57233,343
2,3,3,1,3,-2.58448,708
2,3,3,1,4,-2.57234,810
2,3,3,2,0,-2.56503,558
2,3,3,2,1,-2.20947,2432
2,3,3,2,2,-2.49977,208
2,3,3,2,3,0.64269,984
2,3,3,2,4,-2.49952,526
2,3,3,3,0,-2.49978,870
2,3,3,3,1,-1.08280,3022
2,3,3,3,2,-1.08280,399
2,3,3,3,3,0.99097,1039
2,3,3,3,4,1.32750,991
2,3,3,4,0,0.94102,528
2,3,3,4,1,-1.22463,1687
2,3,3,4,2,-2.37797,341
2,3,3,4,3,-2.23812,954
2,3,3,4,4,0.94383,476
2,3,4,0,0,-0.04304,11
2,3,4,0,1,-2.50193,38
2,3,4,0,2,-2.46881,67
2,3,4,0,3,0.37856,91
2,3,4,0,4,-2.49987,396
2,3,4,1,0,-2.82821,572
2,3,4,1,1,-2.74977,1610
2,3,4,1,2,-2.77752,897
2,3,4,1,3,-2.77873,1091
2,3,4,1,4,-2.48361,1610
2,3,4,2,0,-1.47289,552
2,3,4,2,1,2.12280,1878
2,3,4,2,2,2.63644,885
2,3,4,2,3,-2.63672,1318
2,3,4,2,4,-1.41091,2056
2,3,4,3,0,-2.17831,781
2,3,4,3,1,-1.41091,2354
2,3,4,3,2,-1.28990,1884
2,3,4,3,3,3.38656,1478
2,3,4,3,4,-2.51225,4096
2,3,4,4,0,-2.17834,344
2,3,4,4,1,-0.39145,2308
2,3,4,4,2,-0.15567,1062
2,3,4,4,3,0.51317,920
2,3,4,4,4,-1.41081,2405
2,4,0,0,0,0.40609,4
2,4,0,0,1,0.04039,0
2,4,0,0,2,0.39545,0
2,4,0,0,3,0.06574,0
2,4,0,0,4,0.67283,0
2,4,0,1,0,0.53831,275
2,4,0,1,1,0.46000,0
2,4,0,1,2,0.69133,0
2,4,0,1,3,0.39957,6
2,4,0,1,4,0.96854,0
2,4,0,2,0,19.93540,89
2,4,0,2,1,0.61306,0
2,4,0,2,2,0.69961,0
2,4,0,2,3,0.93343,0
2,4,0,2,4,0.01929,8
2,4,0,3,0,18.06646,92
2,4,0,3,1,0.84080,0
2,4,0,3,2,0.80137,0
2,4,0,3,3,0.65077,0
2,4,0,3,4,0.99724,0
2,4,0,4,0,1.90177,237
2,4,0,4,1,0.77164,0
2,4,0,4,2,0.56302,0
2,4,0,4,3,0.23447,0
2,4,0,4,4,0.70477,0
2,4,1,0,0,-0.01236,2
2,4,1,0,1,-0.01631,3
2,4,1,0,2,0.01063,1
2,4,1,0,3,-0.23703,2
2,4,1,0,4,0.02699,9
2,4,1,1,0,0.61653,0
2,4,1,1,1,0.00578,0
2,4,1,1,2,0.30776,0
2,4,1,1,3,0.08055,0
2,4,1,1,4,0.34363,381
2,4,1,2,0,7.33311,4
2,4,1,2,1,1.26740,4
2,4,1,2,2,0.29724,0
2,4,1,2,3,0.87316,0
2,4,1,2,4,-0.02888,374
2,4,1,3,0,0.31829,0
2,4,1,3,1,0.47767,0
2,4,1,3,2,0.50205,0
2,4,1,3,3,0.32685,8
2,4,1,3,4,0.01754,177
2,4,1,4,0,0.93820,0
2,4,1,4,1,0.85883,0
2,4,1,4,2,0.76649,0
2,4,1,4,3,1.68984,17
2,4,1,4,4,0.43985,515
2,4,2,0,0,-0.90340,17
2,4,2,0,1,0.21636,0
2,4,2,0,2,-0.72735,6
2,4,2,0,3,-0.64470,12
2,4,2,0,4,-0.90449,5
2,4,2,1,0,0.30979,211
2,4,2,1,1,-2.49804,91
2,4,2,1,2,-0.48431,4
2,4,2,1,3,-0.68588,46
2,4,2,1,4,0.56412,11
2,4,2,2,0,0.19184,120
2,4,2,2,1,0.32736,13
2,4,2,2,2,2.67102,3
2,4,2,2,3,2.06322,8
2,4,2,2,4,0.24986,0
2,4,2,3,0,2.33416,191
2,4,2,3,1,1.72001,81
2,4,2,3,2,1.66511,11
2,4,2,3,3,1.24860,31
2,4,2,3,4,1.24690,5
2,4,2,4,0,1.68984,184
2,4,2,4,1,1.76323,123
2,4,2,4,2,7.38747,19
2,4,2,4,3,6.39985,28
2,4,2,4,4,-0.20424,4
2,4,3,0,0,-0.36517,15
2,4,3,0,1,-2.56483,25
2,4,3,0,2,0.32420,7
2,4,3,0,3,-0.17983,15
2,4,3,0,4,-0.36518,5
2,4,3,1,0,-2.47789,7
2,4,3,1,1,-0.48019,28
2,4,3,1,2,-0.68556,51
2,4,3,1,3,-1.41116,15
2,4,3,1,4,-0.78838,12
2,4,3,2,0,0.24213,11
2,4,3,2,1,-0.48968,8
2,4,3,2,2,-2.49979,24
2,4,3,2,3,0.32736,8
2,4,3,2,4,0.22372,0
2,4,3,3,0,-2.07449,17
2,4,3,3,1,-2.49978,38
2,4,3,3,2,-1.24931,127
2,4,3,3,3,3.05823,17
2,4,3,3,4,-1.54169,5
2,4,3,4,0,-2.15274,61
2,4,3,4,1,1.68265,43
2,4,3,4,2,3.25311,115
2,4,3,4,3,-0.51741,11
2,4,3,4,4,3.47675,12
2,4,4,0,0,-2.50181,19
2,4,4,0,1,-1.31127,14
2,4,4,0,2,-2.16874,30
2,4,4,0,3,0.08214,47
2,4,4,0,4,0.98343,0
2,4,4,1,0,-2.70273,58
2,4,4,1,1,-2.50193,110
2,4,4,1,2,-2.74972,77
2,4,4,1,3,-2.74977,83
2,4,4,1,4,-2.50193,29
2,4,4,2,0,0.50073,102
2,4,4,2,1,-1.47307,25
2,4,4,2,2,2.12243,55
2,4,4,2,3,2.12280,39
2,4,4,2,4,0.34585,0
2,4,4,3,0,0.09422,199
2,4,4,3,1,2.95698,25
2,4,4,3,2,-1.61794,102
2,4,4,3,3,0.51360,127
2,4,4,3,4,0.09614,80
2,4,4,4,0,-0.40375,65
2,4,4,4,1,-0.40236,58
2,4,4,4,2,-0.39015,89
2,4,4,4,3,1.68159,209
2,4,4,4,4,-0.39012,78
3,0,0,0,0,0.85717,0
3,0,0,0,1,0.14532,0
3,0,0,0,2,0.47824,0
3,0,0,0,3,0.60522,0
3,0,0,0,4,0.05338,0
3,0,0,1,0,1.85132,4
3,0,0,1,1,1.39903,3
3,0,0,1,2,-0.01081,230
3,0,0,1,3,0.62923,0
3,0,0,1,4,0.75631,0
3,0,0,2,0,1.27771,336
3,0,0,2,1,17.67583,187
3,0,0,2,2,14.92506,287
3,0,0,2,3,0.72962,0
3,0,0,2,4,7.59129,65
3,0,0,3,0,0.42643,910
3,0,0,3,1,18.92258,14
3,0,0,3,2,7.70620,241
3,0,0,3,3,0.06956,0
3,0,0,3,4,5.61513,124
3,0,0,4,0,3.70598,86
3,0,0,4,1,0.64420,0
3,0,0,4,2,7.39717,240
3,0,0,4,3,0.98557,0
3,0,0,4,4,0.49950,0
3,0,1,0,0,0.24523,0
3,0,1,0,1,1.36067,5
3,0,1,0,2,0.40075,0
3,0,1,0,3,0.49543,0
3,0,1,0,4,0.84308,22
3,0,1,1,0,4.09652,27
3,0,1,1,1,2.05039,16646
3,0,1,1,2,18.89531,455
3,0,1,1,3,3.80174,759
3,0,1,1,4,-1.27412,1782
3,0,1,2,0,-0.54767,124
3,0,1,2,1,5.66419,41889
3,0,1,2,2,6.43244,2239
3,0,1,2,3,6.78920,2135
3,0,1,2,4,-0.42607,6679
3,0,1,3,0,-1.64318,221
3,0,1,3,1,-2.33373,56040
3,0,1,3,2,7.78496,3266
3,0,1,3,3,7.99615,2670
3,0,1,3,4,-2.02554,7788
3,0,1,4,0,8.75278,15
3,0,1,4,1,1.65931,24021
3,0,1,4,2,-0.37854,915
3,0,1,4,3,0.64377,396
3,0,1,4,4,3.12025,3423
3,0,2,0,0,0.49598,0
3,0,2,0,1,0.55613,3
3,0,2,0,2,-1.27290,3
3,0,2,0,3,-0.13059,9
3,0,2,0,4,-1.12222,5
3,0,2,1,0,2.26658,15
3,0,2,1,1,6.08175,4949
3,0,2,1,2,5.43972,817
3,0,2,1,3,5.89575,1680
3,0,2,1,4,-2.50055,1028
3,0,2,2,0,-0.75973,46
3,0,2,2,1,-0.67720,8697
3,0,2,2,2,-2.48885,1860
3,0,2,2,3,-2.47746,4443
3,0,2,2,4,-0.51742,2392
3,0,2,3,0,-0.54467,55
3,0,2,3,1,4.44426,13317
3,0,2,3,2,-2.23408,2735
3,0,2,3,3,-0.59004,6329
3,0,2,3,4,-2.46618,3345
3,0,2,4,0,-1.10114,15
3,0,2,4,1,-1.23455,8344
3,0,2,4,2,-0.73833,1298
3,0,2,4,3,0.21175,2409
3,0,2,4,4,-2.46353,1550
3,0,3,0,0,0.15650,0
3,0,3,0,1,2.80453,6
3,0,3,0,2,0.05152,0
3,0,3,0,3,0.76939,0
3,0,3,0,4,0.27065,0
3,0,3,1,0,-2.56349,74
3,0,3,1,1,-2.88995,768
3,0,3,1,2,-1.64278,433
3,0,3,1,3,-0.47812,489
3,0,3,1,4,-2.47061,46
3,0,3,2,0,0.48910,451
3,0,3,2,1,2.73853,2323
3,0,3,2,2,2.54976,1807
3,0,3,2,3,7.61979,1477
3,0,3,2,4,-1.18537,149
3,0,3,3,0,-0.69933,370
3,0,3,3,1,2.54477,3319
3,0,3,3,2,3.09142,2559
3,0,3,3,3,3.78104,2162
3,0,3,3,4,-1.95993,202
3,0,3,4,0,1.25714,214
3,0,3,4,1,0.45276,1276
3,0,3,4,2,-0.60823,1024
3,0,3,4,3,0.45259,751
3,0,3,4,4,-1.41302,60
3,0,4,0,0,0.81091,0
3,0,4,0,1,0.81436,0
3,0,4,0,2,2.75716,3
3,0,4,0,3,1.31448,2
3,0,4,0,4,0.78413,0
3,0,4,1,0,-2.53860,92
3,0,4,1,1,-1.18657,138
3,0,4,1,2,-1.04064,1831
3,0,4,1,3,-2.16919,1729
3,0,4,1,4,-2.50696,108
3,0,4,2,0,-2.49116,337
3,0,4,2,1,-2.50282,587
3,0,4,2,2,1.93380,11006
3,0,4,2,3,3.93874,6433
3,0,4,2,4,-0.94863,242
3,0,4,3,0,-0.81773,340
3,0,4,3,1,1.15849,888
3,0,4,3,2,1.44334,13868
3,0,4,3,3,2.61228,8159
3,0,4,3,4,1.65472,287
3,0,4,4,0,-2.19722,144
3,0,4,4,1,-2.41151,293
3,0,4,4,2,-1.58103,7632
3,0,4,4,3,-0.54780,3669
3,0,4,4,4,-1.13823,137
3,1,0,0,0,-0.60863,81
3,1,0,0,1,0.45223,58
3,1,0,0,2,-0.40614,3
3,1,0,0,3,-0.78961,4
3,1,0,0,4,-0.78222,7
3,1,0,1,0,3.30796,1400
3,1,0,1,1,4.97716,1545
3,1,0,1,2,0.75760,604
3,1,0,1,3,5.94291,160
3,1,0,1,4,-0.71669,3890
3,1,0,2,0,2.59315,7678
3,1,0,2,1,-2.17819,9624
3,1,0,2,2,2.08384,4917
3,1,0,2,3,2.20882,391
3,1,0,2,4,2.08383,6562
3,1,0,3,0,0.02979,9090
3,1,0,3,1,-2.43744,13025
3,1,0,3,2,0.48826,6636
3,1,0,3,3,-0.22306,526
3,1,0,3,4,0.05865,6747
3,1,0,4,0,3.22325,2393
3,1,0,4,1,-0.10327,2714
3,1,0,4,2,-1.58513,2178
3,1,0,4,3,17.70103,140
3,1,0,4,4,3.90093,2288
3,1,1,0,0,-2.53294,27
3,1,1,0,1,-2.17273,140
3,1,1,0,2,-2.18134,160
3,1,1,0,3,5.00977,211
3,1,1,0,4,-2.53226,101
3,1,1,1,0,-1.14885,594
3,1,1,1,1,-0.03298,14391
3,1,1,1,2,-0.80222,10422
3,1,1,1,3,-0.04057,10789
3,1,1,1,4,2.16178,1097
3,1,1,2,0,1.16505,2971
3,1,1,2,1,-0.19378,110502
3,1,1,2,2,0.06551,57740
3,1,1,2,3,-1.49573,55265
3,1,1,2,4,2.48699,3877
3,1,1,3,0,0.27334,3628
3,1,1,3,1,-2.34712,133669
3,1,1,3,2,-2.43127,72310
3,1,1,3,3,-1.18815,69553
3,1,1,3,4,-0.93278,5721
3,1,1,4,0,-2.48364,997
3,1,1,4,1,5.67503,27235
3,1,1,4,2,0.15982,18109
3,1,1,4,3,-0.32864,20846
3,1,1,4,4,-0.06188,1617
3,1,2,0,0,-2.49222,40
3,1,2,0,1,-2.31039,53
3,1,2,0,2,-2.32554,106
3,1,2,0,3,-1.21788,96
3,1,2,0,4,-2.31027,39
3,1,2,1,0,6.52485,562
3,1,2,1,1,1.60367,7152
3,1,2,1,2,0.67086,8204
3,1,2,1,3,0.40933,6929
3,1,2,1,4,-2.50175,1325
3,1,2,2,0,-2.41596,2723
3,1,2,2,1,-1.72454,50276
3,1,2,2,2,-1.63977,40204
3,1,2,2,3,-0.47579,48632
3,1,2,2,4,-2.48576,6243
3,1,2,3,0,-1.97855,3121
3,1,2,3,1,4.49931,60606
3,1,2,3,2,3.88812,51748
3,1,2,3,3,-2.42398,61516
3,1,2,3,4,-1.92122,6168
3,1,2,4,0,-0.30861,1128
3,1,2,4,1,4.35950,12391
3,1,2,4,2,3.73278,15778
3,1,2,4,3,-2.48622,16158
3,1,2,4,4,-2.49003,1964
3,1,3,0,0,-2.58088,59
3,1,3,0,1,-2.55367,56
3,1,3,0,2,-2.55964,76
3,1,3,0,3,-0.28611,104
3,1,3,0,4,-2.55362,61
3,1,3,1,0,-2.59816,3501
3,1,3,1,1,-2.58566,2716
3,1,3,1,2,-2.60907,1942
3,1,3,1,3,-0.55895,5248
3,1,3,1,4,-2.59816,1386
3,1,3,2,0,-2.59738,20166
3,1,3,2,1,1.48659,18188
3,1,3,2,2,1.93154,11057
3,1,3,2,3,-1.85782,42367
3,1,3,2,4,-0.45181,6794
3,1,3,3,0,5.21803,25845
3,1,3,3,1,1.83947,22026
3,1,3,3,2,2.32025,13032
3,1,3,3,3,4.24985,52888
3,1,3,3,4,5.69511,7450
3,1,3,4,0,4.37464,8045
3,1,3,4,1,2.94039,5187
3,1,3,4,2,3.54488,3527
3,1,3,4,3,2.17679,12399
3,1,3,4,4,2.40457,2841
3,1,4,0,0,-2.32784,34
3,1,4,0,1,-2.55123,30
3,1,4,0,2,-1.30856,97
3,1,4,0,3,0.24646,151
3,1,4,0,4,-1.13242,54
3,1,4,1,0,-2.55353,1492
3,1,4,1,1,-2.55193,1311
3,1,4,1,2,-2.16592,4808
3,1,4,1,3,-1.00216,5460
3,1,4,1,4,-2.60011,1104
3,1,4,2,0,-2.53911,7078
3,1,4,2,1,2.04111,6890
3,1,4,2,2,-2.22038,29819
3,1,4,2,3,-2.24834,58036
3,1,4,2,4,-2.43015,5047
3,1,4,3,0,-2.31759,7791
3,1,4,3,1,1.17043,9787
3,1,4,3,2,2.98396,38495
3,1,4,3,3,3.56058,69022
3,1,4,3,4,2.02586,5475
3,1,4,4,0,-0.13747,1949
3,1,4,4,1,0.96533,2237
3,1,4,4,2,3.67667,9702
3,1,4,4,3,5.64068,16899
3,1,4,4,4,-1.32480,1830
3,2,0,0,0,-1.90256,18
3,2,0,0,1,-1.96226,134
3,2,0,0,2,-1.55290,66
3,2,0,0,3,-1.55313,19
3,2,0,0,4,-0.71230,269
3,2,0,1,0,0.53578,13
3,2,0,1,1,0.23221,1670
3,2,0,1,2,0.23042,632
3,2,0,1,3,0.33209,21
3,2,0,1,4,2.48220,4213
3,2,0,2,0,2.79910,133
3,2,0,2,1,2.26919,11073
3,2,0,2,2,3.51907,7565
3,2,0,2,3,0.07062,37
3,2,0,2,4,2.08385,8194
3,2,0,3,0,8.52218,217
3,2,0,3,1,7.42122,13477
3,2,0,3,2,7.42121,8171
3,2,0,3,3,8.93971,202
3,2,0,3,4,-1.48266,6868
3,2,0,4,0,-1.37061,11
3,2,0,4,1,-1.48343,2616
3,2,0,4,2,-1.47931,1556
3,2,0,4,3,4.01717,4
3,2,0,4,4,2.76799,1926
3,2,1,0,0,-2.01280,41
3,2,1,0,1,-2.02693,64
3,2,1,0,2,6.72856,238
3,2,1,0,3,-2.29802,132
3,2,1,0,4,-2.49221,27
3,2,1,1,0,-2.01468,1406
3,2,1,1,1,-0.10607,10932
3,2,1,1,2,5.33029,3986
3,2,1,1,3,1.23626,1744
3,2,1,1,4,-1.35233,525
3,2,1,2,0,-1.63528,5514
3,2,1,2,1,3.02257,84442
3,2,1,2,2,1.05896,31020
3,2,1,2,3,-0.14787,7242
3,2,1,2,4,1.16979,1109
3,2,1,3,0,-1.41808,7085
3,2,1,3,1,-2.44088,110967
3,2,1,3,2,-0.26251,35745
3,2,1,3,3,-1.18448,8388
3,2,1,3,4,-0.27271,1554
3,2,1,4,0,-0.91785,2161
3,2,1,4,1,-0.34624,18069
3,2,1,4,2,-1.90836,7672
3,2,1,4,3,3.80127,3512
3,2,1,4,4,-1.95708,830
3,2,2,0,0,-2.41831,36
3,2,2,0,1,-2.46706,60
3,2,2,0,2,-2.46359,91
3,2,2,0,3,-2.48261,52
3,2,2,0,4,-2.46347,55
3,2,2,1,0,7.76271,1767
3,2,2,1,1,-2.46339,5686
3,2,2,1,2,-2.45954,3127
3,2,2,1,3,-1.21359,2312
3,2,2,1,4,-1.21723,1143
3,2,2,2,0,5.04488,7501
3,2,2,2,1,-0.68253,45279
3,2,2,2,2,-0.49583,20881
3,2,2,2,3,-1.24529,11159
3,2,2,2,4,3.79893,4608
3,2,2,3,0,4.19341,9102
3,2,2,3,1,5.04813,56643
3,2,2,3,2,4.49931,24950
3,2,2,3,3,5.04938,13049
3,2,2,3,4,3.24936,5527
3,2,2,4,0,3.79925,3142
3,2,2,4,1,-1.80573,10202
3,2,2,4,2,3.10203,6276
3,2,2,4,3,3.79182,3879
3,2,2,4,4,-0.11001,1240
3,2,3,0,0,-1.59411,33
3,2,3,0,1,-1.57653,38
3,2,3,0,2,-2.27803,37
3,2,3,0,3,-2.11440,18
3,2,3,0,4,-2.49436,7
3,2,3,1,0,7.66557,1475
3,2,3,1,1,-2.58361,2558
3,2,3,1,2,-2.59290,2298
3,2,3,1,3,-2.57256,1368
3,2,3,1,4,-2.57256,368
3,2,3,2,0,-1.33290,4946
3,2,3,2,1,6.12124,14145
3,2,3,2,2,5.22925,13098
3,2,3,2,3,5.70632,5763
3,2,3,2,4,-1.10761,1462
3,2,3,3,0,4.32181,5542
3,2,3,3,1,2.43052,17934
3,2,3,3,2,5.13923,16068
3,2,3,3,3,4.37531,6711
3,2,3,3,4,-2.45241,1674
3,2,3,4,0,-2.04952,1767
3,2,3,4,1,-0.30818,4504
3,2,3,4,2,2.73826,3365
3,2,3,4,3,3.46443,2003
3,2,3,4,4,-1.75362,366
3,2,4,0,0,1.19502,60
3,2,4,0,1,-0.51215,81
3,2,4,0,2,-1.89178,198
3,2,4,0,3,0.17932,204
3,2,4,0,4,0.17475,317
3,2,4,1,0,-2.55144,1590
3,2,4,1,1,-2.60010,3570
3,2,4,1,2,-2.27349,2734
3,2,4,1,3,-2.43950,3058
3,2,4,1,4,-2.77851,1429
3,2,4,2,0,3.39174,4919
3,2,4,2,1,-1.46714,25753
3,2,4,2,2,1.92487,10356
3,2,4,2,3,1.49388,18944
3,2,4,2,4,0.95244,5323
3,2,4,3,0,-2.05245,5937
3,2,4,3,1,-0.95533,34968
3,2,4,3,2,2.41700,11930
3,2,4,3,3,1.93986,21614
3,2,4,3,4,-2.49750,5313
3,2,4,4,0,-2.10679,1958
3,2,4,4,1,-0.00786,6870
3,2,4,4,2,3.00468,3736
3,2,4,4,3,-2.13164,6933
3,2,4,4,4,-2.49923,1344
3,3,0,0,0,-0.66493,9
3,3,0,0,1,-0.84837,6
3,3,0,0,2,-0.33182,11
3,3,0,0,3,-0.25317,6
3,3,0,0,4,-0.76400,5
3,3,0,1,0,-0.09154,1136
3,3,0,1,1,0.09520,10
3,3,0,1,2,-0.83375,900
3,3,0,1,3,0.91762,408
3,3,0,1,4,-0.45484,1
3,3,0,2,0,15.66456,1982
3,3,0,2,1,-0.72983,12
3,3,0,2,2,2.27035,1795
3,3,0,2,3,15.09810,409
3,3,0,2,4,13.84796,5
3,3,0,3,0,0.03560,2387
3,3,0,3,1,15.64478,36
3,3,0,3,2,7.41997,2882
3,3,0,3,3,17.68308,523
3,3,0,3,4,-0.21805,19
3,3,0,4,0,3.59807,1622
3,3,0,4,1,3.03319,26
3,3,0,4,2,-0.21793,773
3,3,0,4,3,8.29013,21
3,3,0,4,4,3.10287,6
3,3,1,0,0,0.31682,0
3,3,1,0,1,0.40637,17
3,3,1,0,2,1.01291,7
3,3,1,0,3,0.29739,0
3,3,1,0,4,0.48456,0
3,3,1,1,0,5.37170,14
3,3,1,1,1,1.75793,1965
3,3,1,1,2,9.94769,2129
3,3,1,1,3,5.39062,79
3,3,1,1,4,4.05060,20
3,3,1,2,0,5.10908,56
3,3,1,2,1,-0.01441,3832
3,3,1,2,2,-0.93880,7118
3,3,1,2,3,7.59871,206
3,3,1,2,4,-1.26487,33
3,3,1,3,0,4.31640,40
3,3,1,3,1,0.04739,5244
3,3,1,3,2,0.90732,7918
3,3,1,3,3,0.24633,135
3,3,1,3,4,-1.39985,56
3,3,1,4,0,-2.20051,28
3,3,1,4,1,3.17866,2690
3,3,1,4,2,9.97941,3245
3,3,1,4,3,4.68773,131
3,3,1,4,4,1.97493,18
3,3,2,0,0,-1.81113,18
3,3,2,0,1,-1.81098,35
3,3,2,0,2,-1.97524,21
3,3,2,0,3,-2.23084,33
3,3,2,0,4,-2.30787,25
3,3,2,1,0,-0.22093,689
3,3,2,1,1,-2.46336,2654
3,3,2,1,2,0.03406,73
3,3,2,1,3,-1.81126,158
3,3,2,1,4,-0.21866,74
3,3,2,2,0,2.84302,1003
3,3,2,2,1,1.70710,6421
3,3,2,2,2,2.04494,97
3,3,2,2,3,0.35371,252
3,3,2,2,4,-2.07736,150
3,3,2,3,0,4.17157,1401
3,3,2,3,1,5.04975,8246
3,3,2,3,2,4.91630,91
3,3,2,3,3,4.17464,326
3,3,2,3,4,-2.48949,267
3,3,2,4,0,-1.66778,773
3,3,2,4,1,3.79391,4434
3,3,2,4,2,-1.57561,50
3,3,2,4,3,-1.05993,274
3,3,2,4,4,4.17411,126
3,3,3,0,0,-2.55129,52
3,3,3,0,1,-2.46241,21
3,3,3,0,2,-2.54730,27
3,3,3,0,3,-2.55141,61
3,3,3,0,4,-2.55138,16
3,3,3,1,0,-2.56509,939
3,3,3,1,1,-2.58361,531
3,3,3,1,2,-2.58358,293
3,3,3,1,3,-2.57522,417
3,3,3,1,4,-2.57522,282
3,3,3,2,0,2.57806,1288
3,3,3,2,1,4.37484,1581
3,3,3,2,2,-0.13900,394
3,3,3,2,3,0.64152,586
3,3,3,2,4,1.96130,302
3,3,3,3,0,4.37524,1913
3,3,3,3,1,4.37520,2011
3,3,3,3,2,4.37534,527
3,3,3,3,3,0.33354,652
3,3,3,3,4,-1.22452,594
3,3,3,4,0,3.27111,1643
3,3,3,4,1,-1.61449,1047
3,3,3,4,2,3.91234,320
3,3,3,4,3,-1.93719,587
3,3,3,4,4,-0.01917,274
3,3,4,0,0,-0.13443,48
3,3,4,0,1,-2.54992,97
3,3,4,0,2,-0.69467,30
3,3,4,0,3,3.46956,174
3,3,4,0,4,-2.55159,151
3,3,4,1,0,-2.72295,1319
3,3,4,1,1,-2.29617,2051
3,3,4,1,2,-2.55733,1030
3,3,4,1,3,-2.70342,1811
3,3,4,1,4,-2.68823,2965
3,3,4,2,0,-2.55159,2045
3,3,4,2,1,4.15999,3646
3,3,4,2,2,-2.53758,2025
3,3,4,2,3,-2.43776,2324
3,3,4,2,4,-2.55159,2850
3,3,4,3,0,-2.49956,2180
3,3,4,3,1,2.14649,5117
3,3,4,3,2,-2.49951,3145
3,3,4,3,3,-2.49956,2579
3,3,4,3,4,0.75460,4051
3,3,4,4,0,-2.49937,1840
3,3,4,4,1,2.00760,3745
3,3,4,4,2,-2.49955,2231
3,3,4,4,3,-2.49960,2141
3,3,4,4,4,-2.49956,3688
3,4,0,0,0,0.35351,0
3,4,0,0,1,0.43088,0
3,4,0,0,2,0.77550,0
3,4,0,0,3,0.60259,0
3,4,0,0,4,0.68913,0
3,4,0,1,0,0.78485,0
3,4,0,1,1,0.86189,0
3,4,0,1,2,17.66872,7
3,4,0,1,3,0.57883,0
3,4,0,1,4,0.98282,0
3,4,0,2,0,0.94728,0
3,4,0,2,1,0.30340,0
3,4,0,2,2,2.66652,10
3,4,0,2,3,0.07359,0
3,4,0,2,4,0.42024,0
3,4,0,3,0,-0.68697,4
3,4,0,3,1,0.67366,0
3,4,0,3,2,0.55788,16
3,4,0,3,3,0.21851,0
3,4,0,3,4,0.81124,0
3,4,0,4,0,0.92911,0
3,4,0,4,1,0.31801,0
3,4,0,4,2,0.71699,0
3,4,0,4,3,0.22822,0
3,4,0,4,4,0.25299,0
3,4,1,0,0,-0.06429,3
3,4,1,0,1,0.41904,5
3,4,1,0,2,-0.64435,4
3,4,1,0,3,-0.06458,8
3,4,1,0,4,-0.06458,7
3,4,1,1,0,0.77321,0
3,4,1,1,1,-1.46786,4
3,4,1,1,2,0.74343,0
3,4,1,1,3,8.70863,88
3,4,1,1,4,0.66943,0
3,4,1,2,0,1.64530,5
3,4,1,2,1,0.17886,2
3,4,1,2,2,0.47230,0
3,4,1,2,3,3.09805,135
3,4,1,2,4,1.51813,4
3,4,1,3,0,0.51391,0
3,4,1,3,1,1.74683,2
3,4,1,3,2,0.84715,0
3,4,1,3,3,0.20185,85
3,4,1,3,4,0.70275,0
3,4,1,4,0,0.07908,0
3,4,1,4,1,3.21687,12
3,4,1,4,2,0.43738,0
3,4,1,4,3,5.67793,210
3,4,1,4,4,0.03169,0
3,4,2,0,0,0.33063,0
3,4,2,0,1,0.31003,3
3,4,2,0,2,0.44006,0
3,4,2,0,3,0.89553,0
3,4,2,0,4,0.28138,0
3,4,2,1,0,0.95460,0
3,4,2,1,1,-0.21949,46
3,4,2,1,2,-1.56770,11
3,4,2,1,3,-0.21935,77
3,4,2,1,4,0.45407,0
3,4,2,2,0,0.52706,0
3,4,2,2,1,0.40694,25
3,4,2,2,2,0.58398,0
3,4,2,2,3,1.59044,130
3,4,2,2,4,0.27558,7
3,4,2,3,0,0.13588,0
3,4,2,3,1,3.34281,74
3,4,2,3,2,3.73512,6
3,4,2,3,3,1.13120,118
3,4,2,3,4,3.81737,1
3,4,2,4,0,0.08285,3
3,4,2,4,1,5.42058,60
3,4,2,4,2,0.36926,0
3,4,2,4,3,6.39866,89
3,4,2,4,4,0.04801,0
3,4,3,0,0,0.37244,1
3,4,3,0,1,-1.41129,13
3,4,3,0,2,0.64872,0
3,4,3,0,3,0.33262,2
3,4,3,0,4,0.33398,23
3,4,3,1,0,0.33386,36
3,4,3,1,1,0.34567,15
3,4,3,1,2,-0.70950,16
3,4,3,1,3,-0.88855,22
3,4,3,1,4,-1.75439,92
3,4,3,2,0,0.79964,0
3,4,3,2,1,1.23091,26
3,4,3,2,2,0.56495,12
3,4,3,2,3,1.11441,5
3,4,3,2,4,0.53476,10
3,4,3,3,0,-0.02470,1
3,4,3,3,1,4.57533,39
3,4,3,3,2,3.49583,38
3,4,3,3,3,1.25311,1
3,4,3,3,4,0.09471,9
3,4,3,4,0,-0.90251,32
3,4,3,4,1,7.66636,8
3,4,3,4,2,-0.05685,8
3,4,3,4,3,1.34398,3
3,4,3,4,4,-1.32192,59
3,4,4,0,0,1.49202,1
3,4,4,0,1,-2.54421,10
3,4,4,0,2,0.62879,0
3,4,4,0,3,-2.30159,11
3,4,4,0,4,0.31591,256
3,4,4,1,0,-2.55159,82
3,4,4,1,1,-2.55159,48
3,4,4,1,2,-2.55159,69
3,4,4,1,3,-2.55159,70
3,4,4,1,4,-2.55159,219
3,4,4,2,0,0.00213,12
3,4,4,2,1,-1.29051,27
3,4,4,2,2,-1.28394,31
3,4,4,2,3,-2.53382,49
3,4,4,2,4,-2.53286,277
3,4,4,3,0,-2.49956,40
3,4,4,3,1,-2.49956,28
3,4,4,3,2,-2.53378,63
3,4,4,3,3,4.60818,196
3,4,4,3,4,1.98810,466
3,4,4,4,0,-2.49852,30
3,4,4,4,1,-2.49960,57
3,4,4,4,2,-2.49886,40
3,4,4,4,3,-2.49785,153
3,4,4,4,4,-0.60303,498
4,0,0,0,0,0.38197,0
4,0,0,0,1,0.17334,0
4,0,0,0,2,0.71067,0
4,0,0,0,3,0.96292,0
4,0,0,0,4,0.50970,0
4,0,0,1,0,0.06726,0
4,0,0,1,1,0.67277,0
4,0,0,1,2,0.72309,0
4,0,0,1,3,-2.09726,68
4,0,0,1,4,0.14555,0
4,0,0,2,0,19.99969,117
4,0,0,2,1,0.48122,0
4,0,0,2,2,0.65984,0
4,0,0,2,3,18.99972,564
4,0,0,2,4,0.58893,0
4,0,0,3,0,10.02821,120
4,0,0,3,1,0.19731,0
4,0,0,3,2,-0.47440,65
4,0,0,3,3,11.02539,1238
4,0,0,3,4,0.90422,0
4,0,0,4,0,0.52462,0
4,0,0,4,1,0.91684,0
4,0,0,4,2,0.21275,0
4,0,0,4,3,1.47216,246
4,0,0,4,4,0.26006,0
4,0,1,0,0,0.24624,0
4,0,1,0,1,0.33216,2
4,0,1,0,2,0.63950,0
4,0,1,0,3,1.57555,131
4,0,1,0,4,0.52146,0
4,0,1,1,0,0.90041,23
4,0,1,1,1,9.89194,9435
4,0,1,1,2,5.95413,4788
4,0,1,1,3,6.35871,32355
4,0,1,1,4,3.43536,489
4,0,1,2,0,3.49542,133
4,0,1,2,1,9.65944,26151
4,0,1,2,2,4.59535,16491
4,0,1,2,3,5.13582,88094
4,0,1,2,4,0.24468,518
4,0,1,3,0,-1.84100,145
4,0,1,3,1,0.60370,34253
4,0,1,3,2,-0.48047,23373
4,0,1,3,3,0.56757,124932
4,0,1,3,4,-0.76216,398
4,0,1,4,0,8.67290,25
4,0,1,4,1,10.97300,13484
4,0,1,4,2,2.45013,10357
4,0,1,4,3,3.20512,55206
4,0,1,4,4,-1.70184,227
4,0,2,0,0,-2.49658,3
4,0,2,0,1,-1.68605,7
4,0,2,0,2,-1.54029,21
4,0,2,0,3,1.49475,64
4,0,2,0,4,-2.06881,8
4,0,2,1,0,1.08352,673
4,0,2,1,1,2.96085,1752
4,0,2,1,2,1.06761,12730
4,0,2,1,3,1.95960,8344
4,0,2,1,4,3.82233,7185
4,0,2,2,0,1.34102,2258
4,0,2,2,1,-2.44802,2615
4,0,2,2,2,1.91092,37906
4,0,2,2,3,6.71402,22906
4,0,2,2,4,0.82166,19652
4,0,2,3,0,2.89993,2978
4,0,2,3,1,4.24217,5076
4,0,2,3,2,4.74168,50864
4,0,2,3,3,6.67647,30162
4,0,2,3,4,3.45156,25717
4,0,2,4,0,-0.57495,817
4,0,2,4,1,-0.91187,2965
4,0,2,4,2,-1.18940,19184
4,0,2,4,3,-1.19546,11628
4,0,2,4,4,-0.01372,10480
4,0,3,0,0,-1.86974,11
4,0,3,0,1,-1.19389,7
4,0,3,0,2,-1.38047,12
4,0,3,0,3,-1.27084,47
4,0,3,0,4,-1.48919,6
4,0,3,1,0,-2.67516,156
4,0,3,1,1,2.89651,3067
4,0,3,1,2,2.10724,4444
4,0,3,1,3,1.64760,7817
4,0,3,1,4,-2.67677,939
4,0,3,2,0,-2.00247,580
4,0,3,2,1,3.67459,6498
4,0,3,2,2,-2.08580,19728
4,0,3,2,3,-0.87714,23975
4,0,3,2,4,2.06059,3603
4,0,3,3,0,0.88321,669
4,0,3,3,1,1.86764,8555
4,0,3,3,2,1.25823,25970
4,0,3,3,3,2.13244,31302
4,0,3,3,4,2.09837,4407
4,0,3,4,0,0.51683,247
4,0,3,4,1,2.40058,3592
4,0,3,4,2,-0.65074,8952
4,0,3,4,3,0.40183,11440
4,0,3,4,4,-0.01676,1859
4,0,4,0,0,-0.21676,4
4,0,4,0,1,-0.21010,2
4,0,4,0,2,-0.27379,6
4,0,4,0,3,0.04542,38
4,0,4,0,4,0.22782,0
4,0,4,1,0,-2.53175,317
4,0,4,1,1,-2.49812,474
4,0,4,1,2,-2.29631,15104
4,0,4,1,3,-2.25673,16422
4,0,4,1,4,-2.53162,329
4,0,4,2,0,2.80552,2080
4,0,4,2,1,-2.29542,1611
4,0,4,2,2,-1.05860,56164
4,0,4,2,3,3.19580,58025
4,0,4,2,4,-1.84161,1528
4,0,4,3,0,1.10949,2319
4,0,4,3,1,-2.07658,2229
4,0,4,3,2,2.08285,68841
4,0,4,3,3,0.43806,72964
4,0,4,3,4,-1.97048,1800
4,0,4,4,0,-2.05417,776
4,0,4,4,1,-2.48037,585
4,0,4,4,2,-2.46791,23110
4,0,4,4,3,-2.23116,21847
4,0,4,4,4,4.51917,603
4,1,0,0,0,9.58865,54
4,1,0,0,1,0.70742,0
4,1,0,0,2,0.37000,2
4,1,0,0,3,0.82714,0
4,1,0,0,4,0.26162,0
4,1,0,1,0,9.65279,3773
4,1,0,1,1,1.84515,1
4,1,0,1,2,3.59678,130
4,1,0,1,3,18.92946,318
4,1,0,1,4,2.35193,10
4,1,0,2,0,9.99619,30230
4,1,0,2,1,7.68935,162
4,1,0,2,2,0.77257,447
4,1,0,2,3,5.61416,1376
4,1,0,2,4,10.85785,37
4,1,0,3,0,1.87005,38331
4,1,0,3,1,4.96147,96
4,1,0,3,2,-2.47739,283
4,1,0,3,3,8.72424,2000
4,1,0,3,4,4.97863,17
4,1,0,4,0,3.67825,8261
4,1,0,4,1,3.98337,16
4,1,0,4,2,18.92074,36
4,1,0,4,3,6.34243,751
4,1,0,4,4,5.42943,27
4,1,1,0,0,-2.11277,30
4,1,1,0,1,-2.09408,71
4,1,1,0,2,-2.29882,268
4,1,1,0,3,-0.90532,153
4,1,1,0,4,-2.11277,10
4,1,1,1,0,15.66740,2580
4,1,1,1,1,7.79804,3949
4,1,1,1,2,7.43067,16986
4,1,1,1,3,7.68761,70878
4,1,1,1,4,3.93977,167
4,1,1,2,0,9.66977,12039
4,1,1,2,1,3.53325,24898
4,1,1,2,2,4.58538,98050
4,1,1,2,3,5.12684,356397
4,1,1,2,4,7.65802,784
4,1,1,3,0,-1.22530,14120
4,1,1,3,1,6.86669,32329
4,1,1,3,2,-2.47256,121419
4,1,1,3,3,-1.22530,436576
4,1,1,3,4,5.38174,862
4,1,1,4,0,2.37520,4927
4,1,1,4,1,-0.72424,6683
4,1,1,4,2,4.36447,30931
4,1,1,4,3,4.92803,123472
4,1,1,4,4,-2.28852,420
4,1,2,0,0,-2.49981,63
4,1,2,0,1,-2.47157,94
4,1,2,0,2,-1.41758,439
4,1,2,0,3,1.64630,237
4,1,2,0,4,-2.49981,45
4,1,2,1,0,1.31738,2136
4,1,2,1,1,2.20974,12572
4,1,2,1,2,0.71833,35510
4,1,2,1,3,0.39650,17569
4,1,2,1,4,0.05585,2450
4,1,2,2,0,2.12550,9562
4,1,2,2,1,-0.38850,79659
4,1,2,2,2,6.58886,201914
4,1,2,2,3,5.12702,160752
4,1,2,2,4,8.08660,6632
4,1,2,3,0,2.92722,11605
4,1,2,3,1,6.30000,94340
4,1,2,3,2,7.27813,246365
4,1,2,3,3,3.29671,190600
4,1,2,3,4,5.14345,8558
4,1,2,4,0,6.41741,3179
4,1,2,4,1,1.97430,19916
4,1,2,4,2,2.74960,60150
4,1,2,4,3,3.47460,39352
4,1,2,4,4,2.79275,2705
4,1,3,0,0,-2.40990,21
4,1,3,0,1,-1.90148,81
4,1,3,0,2,-0.34385,254
4,1,3,0,3,0.28966,412
4,1,3,0,4,-2.40978,62
4,1,3,1,0,-2.52312,1055
4,1,3,1,1,-2.66686,5065
4,1,3,1,2,-2.59815,23411
4,1,3,1,3,-2.59814,23892
4,1,3,1,4,-2.63894,1973
4,1,3,2,0,6.84863,5720
4,1,3,2,1,4.26425,40312
4,1,3,2,2,5.07674,162563
4,1,3,2,3,4.33121,372492
4,1,3,2,4,0.68561,7042
4,1,3,3,0,4.31940,7101
4,1,3,3,1,3.05556,58034
4,1,3,3,2,1.16399,211872
4,1,3,3,3,7.54987,450054
4,1,3,3,4,5.28472,8312
4,1,3,4,0,2.04816,2031
4,1,3,4,1,2.58980,11190
4,1,3,4,2,1.80141,48485
4,1,3,4,3,4.19011,68401
4,1,3,4,4,2.58346,2862
4,1,4,0,0,-2.37277,95
4,1,4,0,1,1.50273,98
4,1,4,0,2,0.15891,326
4,1,4,0,3,-0.90410,587
4,1,4,0,4,-0.09448,86
4,1,4,1,0,3.57343,6823
4,1,4,1,1,-2.62279,4923
4,1,4,1,2,-2.63644,53545
4,1,4,1,3,-2.62279,56430
4,1,4,1,4,-2.62279,3683
4,1,4,2,0,1.35960,30563
4,1,4,2,1,-2.51195,23799
4,1,4,2,2,4.24891,364084
4,1,4,2,3,4.82402,815195
4,1,4,2,4,2.44007,17761
4,1,4,3,0,-1.92286,35062
4,1,4,3,1,-1.71814,30572
4,1,4,3,2,1.51050,476507
4,1,4,3,3,3.53967,983364
4,1,4,3,4,1.90411,17721
4,1,4,4,0,-1.09682,8234
4,1,4,4,1,-2.01005,7811
4,1,4,4,2,-2.48356,101231
4,1,4,4,3,2.62127,139406
4,1,4,4,4,-0.67013,5115
4,2,0,0,0,0.05314,0
4,2,0,0,1,-0.20174,10
4,2,0,0,2,-0.42979,6
4,2,0,0,3,0.12375,1
4,2,0,0,4,2.88088,4
4,2,0,1,0,3.47906,21
4,2,0,1,1,2.88116,1793
4,2,0,1,2,-1.45738,280
4,2,0,1,3,4.13116,23
4,2,0,1,4,4.35364,1207
4,2,0,2,0,3.75407,318
4,2,0,2,1,1.29760,9190
4,2,0,2,2,7.49748,1716
4,2,0,2,3,1.72128,410
4,2,0,2,4,4.37866,2530
4,2,0,3,0,3.80021,188
4,2,0,3,1,6.53323,11965
4,2,0,3,2,10.86819,1943
4,2,0,3,3,4.42019,625
4,2,0,3,4,5.42019,2501
4,2,0,4,0,4.32451,32
4,2,0,4,1,5.05593,2319
4,2,0,4,2,17.70167,471
4,2,0,4,3,3.41593,215
4,2,0,4,4,5.40295,736
4,2,1,0,0,-0.64556,16
4,2,1,0,1,-0.71907,16
4,2,1,0,2,-0.53031,14
4,2,1,0,3,6.51602,55
4,2,1,0,4,-0.63784,2
4,2,1,1,0,6.53169,247
4,2,1,1,1,7.76551,2171
4,2,1,1,2,7.52495,83
4,2,1,1,3,2.59910,9054
4,2,1,1,4,0.09057,1927
4,2,1,2,0,7.82663,885
4,2,1,2,1,7.05540,16185
4,2,1,2,2,7.29947,416
4,2,1,2,3,7.56952,54887
4,2,1,2,4,7.43290,5237
4,2,1,3,0,-0.68447,761
4,2,1,3,1,0.24904,18610
4,2,1,3,2,9.98094,608
4,2,1,3,3,0.76374,64826
4,2,1,3,4,4.37940,6630
4,2,1,4,0,4.68335,408
4,2,1,4,1,5.90847,3219
4,2,1,4,2,4.09798,224
4,2,1,4,3,3.80127,14721
4,2,1,4,4,-0.36766,2059
4,2,2,0,0,-1.91710,42
4,2,2,0,1,-2.19991,31
4,2,2,0,2,-2.16667,69
4,2,2,0,3,4.17191,90
4,2,2,0,4,-2.10635,9
4,2,2,1,0,7.57706,2609
4,2,2,1,1,1.75591,1699
4,2,2,1,2,7.41757,5016
4,2,2,1,3,7.76279,5757
4,2,2,1,4,-2.19972,771
4,2,2,2,0,4.85039,13034
4,2,2,2,1,6.73905,9520
4,2,2,2,2,5.69243,29434
4,2,2,2,3,0.55376,36809
4,2,2,2,4,4.11138,1928
4,2,2,3,0,3.26013,17954
4,2,2,3,1,3.28878,11281
4,2,2,3,2,2.55217,36105
4,2,2,3,3,3.79183,46356
4,2,2,3,4,3.10846,1928
4,2,2,4,0,-2.15051,4164
4,2,2,4,1,-2.13723,2277
4,2,2,4,2,3.75181,8394
4,2,2,4,3,2.54183,11022
4,2,2,4,4,-0.93925,679
4,2,3,0,0,1.14552,64
4,2,3,0,1,-2.52296,37
4,2,3,0,2,-1.06424,88
4,2,3,0,3,1.59529,78
4,2,3,0,4,-0.92205,90
4,2,3,1,0,-2.56711,1471
4,2,3,1,1,-2.52454,1239
4,2,3,1,2,-2.52568,2831
4,2,3,1,3,4.88338,3822
4,2,3,1,4,-2.52311,733
4,2,3,2,0,-2.52253,5450
4,2,3,2,1,6.05793,7678
4,2,3,2,2,3.92489,22903
4,2,3,2,3,4.45632,25397
4,2,3,2,4,0.92975,2234
4,2,3,3,0,3.28238,7213
4,2,3,3,1,4.21133,9720
4,2,3,3,2,3.69075,26720
4,2,3,3,3,4.24495,31909
4,2,3,3,4,3.76008,2687
4,2,3,4,0,2.95392,2387
4,2,3,4,1,3.01502,1718
4,2,3,4,2,2.38240,6551
4,2,3,4,3,2.21443,6950
4,2,3,4,4,5.05996,813
4,2,4,0,0,-1.33036,510
4,2,4,0,1,-2.36024,231
4,2,4,0,2,-1.20028,592
4,2,4,0,3,-0.89785,493
4,2,4,0,4,-2.55141,299
4,2,4,1,0,-2.62278,14209
4,2,4,1,1,-2.62267,8033
4,2,4,1,2,-2.62263,46615
4,2,4,1,3,-2.34191,20251
4,2,4,1,4,-2.62279,7216
4,2,4,2,0,1.35945,473042
4,2,4,2,1,1.42106,35436
4,2,4,2,2,-1.55584,263765
4,2,4,2,3,-0.40025,128025
4,2,4,2,4,-2.61027,23822
4,2,4,3,0,3.53979,72455
4,2,4,3,1,2.53558,47091
4,2,4,3,2,-1.85950,331981
4,2,4,3,3,4.32118,152017
4,2,4,3,4,2.53937,24527
4,2,4,4,0,-0.94328,23764
4,2,4,4,1,-0.74120,11067
4,2,4,4,2,-0.76950,75524
4,2,4,4,3,-1.92356,38749
4,2,4,4,4,-1.67356,5973
4,3,0,0,0,0.16144,0
4,3,0,0,1,1.13262,7
4,3,0,0,2,0.26174,0
4,3,0,0,3,0.69181,0
4,3,0,0,4,0.61849,0
4,3,0,1,0,0.14735,0
4,3,0,1,1,4.13086,621
4,3,0,1,2,0.40042,0
4,3,0,1,3,0.55720,0
4,3,0,1,4,0.54053,0
4,3,0,2,0,0.33792,0
4,3,0,2,1,1.13264,1646
4,3,0,2,2,0.93640,0
4,3,0,2,3,0.61543,0
4,3,0,2,4,1.19294,7
4,3,0,3,0,0.92949,0
4,3,0,3,1,4.42019,2349
4,3,0,3,2,0.64327,0
4,3,0,3,3,0.28160,1
4,3,0,3,4,5.29246,6
4,3,0,4,0,0.81489,0
4,3,0,4,1,1.83653,1189
4,3,0,4,2,0.85407,0
4,3,0,4,3,0.41981,0
4,3,0,4,4,0.34799,0
4,3,1,0,0,0.41514,7
4,3,1,0,1,0.42388,11
4,3,1,0,2,7.43259,8
4,3,1,0,3,0.41448,11
4,3,1,0,4,0.06132,0
4,3,1,1,0,-0.15047,20
4,3,1,1,1,7.43259,791
4,3,1,1,2,4.21820,260
4,3,1,1,3,0.41288,530
4,3,1,1,4,1.35409,6
4,3,1,2,0,1.09953,31
4,3,1,2,1,9.98409,2223
4,3,1,2,2,5.59869,774
4,3,1,2,3,6.48929,1081
4,3,1,2,4,3.65146,27
4,3,1,3,0,1.27228,29
4,3,1,3,1,0.91640,2926
4,3,1,3,2,9.98469,1094
4,3,1,3,3,1.22424,1089
4,3,1,3,4,0.59733,38
4,3,1,4,0,7.34736,29
4,3,1,4,1,3.92821,1317
4,3,1,4,2,9.99795,283
4,3,1,4,3,0.80866,998
4,3,1,4,4,3.95022,10
4,3,2,0,0,-1.49542,19
4,3,2,0,1,0.27539,9
4,3,2,0,2,0.58238,0
4,3,2,0,3,0.27418,19
4,3,2,0,4,0.32132,0
4,3,2,1,0,0.46484,542
4,3,2,1,1,4.30339,162
4,3,2,1,2,6.18817,410
4,3,2,1,3,5.22330,244
4,3,2,1,4,8.26795,52
4,3,2,2,0,-2.30608,1094
4,3,2,2,1,3.91254,159
4,3,2,2,2,4.99517,1340
4,3,2,2,3,0.05867,291
4,3,2,2,4,5.54099,54
4,3,2,3,0,0.40070,985
4,3,2,3,1,1.91398,296
4,3,2,3,2,2.02072,2480
4,3,2,3,3,6.03943,257
4,3,2,3,4,0.78731,66
4,3,2,4,0,-0.55676,690
4,3,2,4,1,3.14930,176
4,3,2,4,2,4.00832,992
4,3,2,4,3,1.08960,203
4,3,2,4,4,7.60405,64
4,3,3,0,0,0.42044,9
4,3,3,0,1,-1.51995,17
4,3,3,0,2,3.58956,40
4,3,3,0,3,0.04939,9
4,3,3,0,4,0.88414,24
4,3,3,1,0,-2.52311,390
4,3,3,1,1,-2.52311,252
4,3,3,1,2,-2.57522,685
4,3,3,1,3,-2.59919,632
4,3,3,1,4,-2.56324,327
4,3,3,2,0,2.44466,988
4,3,3,2,1,4.33114,333
4,3,3,2,2,3.28059,1680
4,3,3,2,3,3.35148,1075
4,3,3,2,4,4.33119,625
4,3,3,3,0,2.38322,1090
4,3,3,3,1,3.63955,611
4,3,3,3,2,2.64802,2049
4,3,3,3,3,3.51214,1391
4,3,3,3,4,0.89829,552
4,3,3,4,0,1.96761,529
4,3,3,4,1,2.01027,339
4,3,3,4,2,4.29791,1306
4,3,3,4,3,1.28781,984
4,3,3,4,4,3.52153,338
4,3,4,0,0,-0.87693,187
4,3,4,0,1,-2.15863,334
4,3,4,0,2,-1.49027,459
4,3,4,0,3,4.26566,582
4,3,4,0,4,-1.59125,472
4,3,4,1,0,-2.55637,5099
4,3,4,1,1,-2.59933,11822
4,3,4,1,2,-2.61037,27627
4,3,4,1,3,-2.61037,9542
4,3,4,1,4,-2.61037,3695
4,3,4,2,0,-2.59924,5780
4,3,4,2,1,-2.59924,20338
4,3,4,2,2,-1.65028,51790
4,3,4,2,3,-1.49068,15640
4,3,4,2,4,-1.73587,5227
4,3,4,3,0,-1.78307,6174
4,3,4,3,1,-1.81036,25595
4,3,4,3,2,-1.73374,69791
4,3,4,3,3,-1.56036,19295
4,3,4,3,4,-1.34042,5680
4,3,4,4,0,-2.45294,5279
4,3,4,4,1,-0.94266,19853
4,3,4,4,2,-1.98119,43416
4,3,4,4,3,-2.03307,15125
4,3,4,4,4,-0.91904,4833
4,4,0,0,0,0.47747,0
4,4,0,0,1,0.31709,0
4,4,0,0,2,0.06928,0
4,4,0,0,3,0.81488,0
4,4,0,0,4,0.91170,0
4,4,0,1,0,0.85199,0
4,4,0,1,1,0.86952,0
4,4,0,1,2,0.30002,0
4,4,0,1,3,0.76063,0
4,4,0,1,4,2.76679,182
4,4,0,2,0,0.99024,0
4,4,0,2,1,0.46430,0
4,4,0,2,2,0.41716,0
4,4,0,2,3,0.75354,0
4,4,0,2,4,2.89122,553
4,4,0,3,0,0.29154,0
4,4,0,3,1,0.89433,0
4,4,0,3,2,0.94216,0
4,4,0,3,3,0.41663,0
4,4,0,3,4,2.26238,220
4,4,0,4,0,0.05728,0
4,4,0,4,1,0.30151,0
4,4,0,4,2,0.93569,0
4,4,0,4,3,0.71013,0
4,4,0,4,4,0.48333,115
4,4,1,0,0,-0.17735,6
4,4,1,0,1,0.34020,0
4,4,1,0,2,0.06353,0
4,4,1,0,3,0.02247,0
4,4,1,0,4,-0.19281,29
4,4,1,1,0,-0.19282,123
4,4,1,1,1,-0.19282,236
4,4,1,1,2,0.20920,0
4,4,1,1,3,-0.04922,6
4,4,1,1,4,1.05729,4
4,4,1,2,0,-0.15040,26
4,4,1,2,1,7.35786,56
4,4,1,2,2,0.02890,0
4,4,1,2,3,1.41531,2
4,4,1,2,4,-0.06172,70
4,4,1,3,0,0.52143,23
4,4,1,3,1,1.78163,127
4,4,1,3,2,0.86848,0
4,4,1,3,3,0.69185,0
4,4,1,3,4,1.78163,71
4,4,1,4,0,0.80863,52
4,4,1,4,1,3.93033,60
4,4,1,4,2,0.85714,0
4,4,1,4,3,0.54358,0
4,4,1,4,4,0.84623,17
4,4,2,0,0,0.52176,0
4,4,2,0,1,0.07803,0
4,4,2,0,2,0.21469,0
4,4,2,0,3,0.79428,0
4,4,2,0,4,0.32944,0
4,4,2,1,0,0.74183,0
4,4,2,1,1,0.41759,0
4,4,2,1,2,0.25496,0
4,4,2,1,3,1.19240,76
4,4,2,1,4,0.57561,0
4,4,2,2,0,0.04563,0
4,4,2,2,1,0.97415,0
4,4,2,2,2,0.11250,0
4,4,2,2,3,1.03353,66
4,4,2,2,4,0.34984,0
4,4,2,3,0,0.99345,0
4,4,2,3,1,1.23361,1
4,4,2,3,2,0.29981,0
4,4,2,3,3,8.85956,136
4,4,2,3,4,0.45016,0
4,4,2,4,0,0.23812,0
4,4,2,4,1,7.29641,14
4,4,2,4,2,0.55630,0
4,4,2,4,3,1.74435,172
4,4,2,4,4,0.06100,0
4,4,3,0,0,0.34854,0
4,4,3,0,1,3.24253,12
4,4,3,0,2,0.20227,0
4,4,3,0,3,0.31679,0
4,4,3,0,4,0.31395,0
4,4,3,1,0,-1.85658,23
4,4,3,1,1,-0.51934,79
4,4,3,1,2,-1.46515,12
4,4,3,1,3,-0.05033,50
4,4,3,1,4,-1.56863,7
4,4,3,2,0,0.74132,4
4,4,3,2,1,1.21020,66
4,4,3,2,2,1.10025,3
4,4,3,2,3,1.99021,10
4,4,3,2,4,0.51287,0
4,4,3,3,0,1.21000,40
4,4,3,3,1,1.59276,121
4,4,3,3,2,0.23347,0
4,4,3,3,3,1.21012,153
4,4,3,3,4,1.11406,7
4,4,3,4,0,0.07634,0
4,4,3,4,1,1.28533,188
4,4,3,4,2,2.02391,9
4,4,3,4,3,2.80902,161
4,4,3,4,4,0.05794,0
4,4,4,0,0,-2.58869,40
4,4,4,0,1,-2.29636,109
4,4,4,0,2,-2.06508,109
4,4,4,0,3,-2.24805,108
4,4,4,0,4,-1.40148,24
4,4,4,1,0,-2.59923,456
4,4,4,1,1,-2.59932,760
4,4,4,1,2,-2.59933,892
4,4,4,1,3,-2.59933,1349
4,4,4,1,4,-2.59932,233
4,4,4,2,0,-2.20586,324
4,4,4,2,1,-1.56181,324
4,4,4,2,2,-0.48650,584
4,4,4,2,3,-1.73526,766
4,4,4,2,4,-1.73525,104
4,4,4,3,0,0.89824,395
4,4,4,3,1,1.14824,611
4,4,4,3,2,-0.56019,781
4,4,4,3,3,0.91273,1578
4,4,4,3,4,-0.94819,269
4,4,4,4,0,-0.45017,527
4,4,4,4,1,-0.94819,1043
4,4,4,4,2,-1.78309,1729
4,4,4,4,3,2.59900,2189
4,4,4,4,4,-2.03299,284
